sampleCount, trigNum, sensorReadTime, ax, ay, az, gx, gy, gz, mx, my, mz 
0,0000,16872,-0.67,6.31,7.52,0.00,1.46,-0.55,4.68,15.45,-52.65
1,0000,16883,-0.69,6.28,7.53,0.24,1.36,-0.67,4.81,15.00,-52.76
2,0000,16894,-0.66,6.21,7.55,0.47,1.43,-0.39,4.50,15.26,-52.21
3,0000,16905,-0.64,6.18,7.56,-0.01,1.52,-0.45,5.16,15.43,-51.93
4,0000,16916,-0.68,6.23,7.60,-0.05,1.43,-0.36,4.74,15.67,-51.96
5,0000,16927,-0.60,6.19,7.57,0.25,1.28,-0.38,4.36,15.48,-52.09
6,0000,16938,-0.64,6.27,7.55,-0.10,1.43,-0.26,5.00,15.16,-52.63
7,0000,16949,-0.69,6.22,7.55,0.36,1.47,-0.38,5.19,15.32,-52.51
8,0000,16960,-0.63,6.22,7.56,0.24,1.50,-0.39,4.46,14.76,-52.75
9,0000,16971,-0.59,6.22,7.58,0.40,1.50,-0.45,4.78,15.42,-52.69
10,0000,16982,-0.66,6.22,7.54,0.02,1.39,-0.37,4.82,14.94,-51.99
11,0000,16993,-0.65,6.29,7.54,0.00,1.35,-0.41,4.85,15.23,-51.94
12,0000,17004,-0.66,6.27,7.53,-0.10,1.30,-0.28,5.20,15.39,-52.65
13,0000,17015,-0.67,6.27,7.54,0.17,1.38,-0.42,4.65,15.55,-52.73
14,0000,17026,-0.67,6.28,7.57,0.10,1.55,-0.42,5.04,14.86,-53.10
15,0000,17037,-0.64,6.25,7.56,0.12,1.48,-0.40,5.03,15.08,-51.70
16,0000,17048,-0.64,6.24,7.56,0.66,1.53,-0.33,4.66,15.02,-52.03
17,0000,17059,-0.64,6.24,7.58,0.03,1.49,-0.31,4.36,14.73,-52.40
18,0000,17070,-0.60,6.27,7.59,0.15,1.64,-0.45,4.71,15.26,-52.85
19,0000,17081,-0.62,6.20,7.60,0.28,1.51,-0.47,4.55,15.08,-51.87
20,0000,17092,-0.56,6.28,7.64,0.38,1.47,-0.42,4.78,14.79,-52.85
21,0000,17103,-0.67,6.24,7.59,0.14,1.45,-0.38,4.74,15.30,-52.13
22,0000,17114,-0.65,6.26,7.58,0.10,1.22,-0.41,4.62,14.63,-52.19
23,0000,17125,-0.61,6.24,7.60,-0.19,1.64,-0.62,4.90,14.76,-53.38
24,0000,17136,-0.60,6.19,7.64,0.24,1.64,-0.46,4.56,15.19,-53.14
25,0000,17147,-0.56,6.23,7.60,0.41,1.57,-0.33,4.06,15.07,-52.95
26,0000,17158,-0.66,6.21,7.54,0.15,1.60,-0.51,4.91,15.04,-52.82
27,0000,17169,-0.61,6.25,7.56,0.19,1.50,-0.37,4.68,15.13,-52.97
28,0000,17180,-0.69,6.18,7.52,0.23,1.57,-0.38,4.74,15.35,-53.00
29,0000,17191,-0.62,6.28,7.43,0.02,1.50,-0.44,4.90,15.36,-53.26
30,0000,17202,-0.66,6.27,7.56,0.25,1.47,-0.46,5.12,15.30,-52.53
31,0000,17213,-0.67,6.28,7.55,0.15,1.36,-0.59,4.53,15.67,-52.81
32,0000,17224,-0.66,6.29,7.56,0.30,1.48,-0.52,4.97,14.95,-53.92
33,0000,17235,-0.65,6.25,7.58,0.12,1.45,-0.35,4.65,15.26,-52.73
34,0000,17246,-0.61,6.25,7.60,0.09,1.69,-0.72,4.78,14.13,-52.72
35,0000,17257,-0.63,6.25,7.55,0.13,1.49,-0.39,4.88,14.72,-53.07
36,0000,17268,-0.67,6.22,7.58,0.17,1.57,-0.59,4.69,14.56,-52.57
37,0000,17279,-0.65,6.25,7.51,0.38,1.45,-0.46,4.55,14.32,-52.81
38,0000,17290,-0.64,6.24,7.53,-0.15,1.35,-0.38,5.04,15.04,-52.22
39,0000,17301,-0.63,6.25,7.55,-0.02,1.39,-0.34,4.71,15.04,-51.72
40,0000,17312,-0.65,6.24,7.57,0.31,1.66,-0.45,4.18,14.72,-52.59
41,0000,17323,-0.65,6.21,7.58,0.13,1.55,-0.36,4.21,14.43,-52.10
42,0000,17334,-0.67,6.25,7.59,0.02,1.58,-0.45,4.81,14.75,-52.53
43,0000,17345,-0.66,6.22,7.54,0.19,1.44,-0.38,4.05,14.15,-53.11
44,0000,17356,-0.62,6.30,7.54,0.11,1.50,-0.24,4.66,14.56,-53.36
45,0000,17367,-0.71,6.27,7.57,-0.09,1.47,-0.26,4.21,14.98,-52.86
46,0000,17378,-0.67,6.32,7.59,0.07,1.36,-0.38,4.33,14.64,-52.40
47,0000,17389,-0.68,6.20,7.56,0.12,1.27,-0.45,4.27,15.02,-52.79
48,0000,17400,-0.65,6.23,7.58,0.04,1.61,-0.46,4.75,15.49,-53.08
49,0000,17411,-0.61,6.21,7.60,0.19,1.46,-0.45,4.05,14.40,-52.48
50,0000,17422,-0.63,6.23,7.60,0.16,1.59,-0.12,4.43,14.56,-52.53
51,0000,17433,-0.57,6.22,7.62,0.04,1.63,-0.50,4.62,15.10,-52.70
52,0000,17444,-0.59,6.18,7.61,0.23,1.58,-0.41,4.37,14.24,-52.69
53,0000,17455,-0.67,6.32,7.54,0.11,1.57,-0.32,4.38,14.50,-52.57
54,0000,17466,-0.68,6.30,7.54,0.02,1.38,-0.60,4.43,15.13,-52.10
55,0000,17477,-0.65,6.27,7.60,0.18,1.47,-0.41,3.93,14.25,-52.51
56,0000,17488,-0.57,6.22,7.62,0.19,1.57,-0.46,4.38,14.67,-52.41
57,0000,17499,-0.63,6.19,7.57,0.04,1.56,-0.32,4.28,15.01,-52.13
58,0000,17510,-0.61,6.28,7.54,-0.04,1.50,-0.34,4.09,14.60,-51.56
59,0000,17521,-0.66,6.25,7.57,0.23,1.29,-0.63,4.11,15.26,-52.27
60,0000,17532,-0.57,6.20,7.54,0.15,1.48,-0.36,4.11,15.54,-52.70
61,0000,17543,-0.58,6.22,7.62,0.11,1.54,-0.18,4.36,14.40,-52.65
62,0000,17554,-0.61,6.24,7.64,0.27,1.36,-0.40,4.41,15.52,-52.46
63,0000,17565,-0.67,6.26,7.56,-0.04,1.53,-0.40,4.27,15.35,-51.84
64,0000,17588,-0.67,6.28,7.61,0.27,1.50,-0.40,4.12,15.08,-52.32
65,0000,17599,-0.61,6.23,7.61,0.01,1.24,-0.52,4.49,15.32,-52.46
66,0000,17610,-0.70,6.21,7.59,0.04,1.51,-0.45,4.38,14.89,-52.50
67,0000,17621,-0.62,6.24,7.63,0.20,1.35,-0.28,4.44,15.00,-52.35
68,0000,17632,-0.68,6.23,7.55,0.24,1.38,-0.45,4.44,15.76,-51.99
69,0000,17643,-0.66,6.26,7.55,0.16,1.46,-0.52,4.21,14.94,-52.28
70,0000,17654,-0.64,6.23,7.58,0.38,1.41,-0.32,4.82,15.58,-51.70
71,0000,17665,-0.46,6.21,7.63,0.26,1.54,-0.41,4.00,15.43,-51.43
72,0000,17676,-0.64,6.25,7.58,0.06,1.48,-0.43,4.40,14.95,-51.70
73,0000,17687,-0.65,6.29,7.63,0.28,1.39,-0.34,4.11,15.27,-52.03
74,0000,17698,-0.61,6.27,7.60,-0.10,1.50,-0.53,4.47,15.27,-51.10
75,0000,17709,-0.66,6.21,7.57,0.12,1.46,-0.19,4.19,14.78,-51.81
76,0000,17720,-0.62,6.28,7.60,0.12,1.16,-0.51,4.18,15.30,-51.29
77,0000,17731,-0.57,6.25,7.60,0.05,1.45,-0.26,4.00,15.46,-51.51
78,0000,17742,-0.60,6.21,7.59,0.28,1.50,-0.40,4.46,14.79,-52.15
79,0000,17753,-0.58,6.23,7.61,0.16,1.53,-0.53,4.53,14.91,-51.52
80,0000,17764,-0.65,6.22,7.56,0.01,1.58,-0.49,4.31,14.97,-50.63
81,0000,17775,-0.68,6.24,7.53,0.18,1.38,-0.33,4.18,14.38,-51.87
82,0000,17786,-0.71,6.23,7.54,0.00,1.23,-0.32,4.18,14.40,-51.97
83,0000,17797,-0.60,6.25,7.59,0.24,1.55,-0.26,4.38,15.11,-52.12
84,0000,17808,-0.67,6.23,7.52,0.42,1.49,-0.33,4.25,14.66,-52.82
85,0000,17819,-0.68,6.27,7.54,0.24,1.50,-0.43,3.95,15.23,-52.38
86,0000,17830,-0.61,6.28,7.57,-0.04,1.44,-0.56,3.87,14.78,-52.69
87,0000,17841,-0.65,6.29,7.52,0.03,1.45,-0.36,4.18,14.76,-52.32
88,0000,17852,-0.61,6.23,7.61,0.23,1.50,-0.32,4.55,14.94,-52.35
89,0000,17863,-0.65,6.18,7.60,0.24,1.42,-0.47,4.46,14.69,-52.75
90,0000,17874,-0.66,6.23,7.61,0.31,1.48,-0.42,4.27,15.10,-52.98
91,0000,17885,-0.62,6.24,7.56,0.33,1.64,-0.28,4.87,14.63,-52.34
92,0000,17896,-0.61,6.25,7.64,0.06,1.36,-0.37,4.24,14.22,-52.88
93,0000,17907,-0.61,6.21,7.59,0.12,1.39,-0.47,4.21,14.83,-52.63
94,0000,17918,-0.58,6.21,7.59,0.09,1.38,-0.37,4.40,14.95,-52.60
95,0000,17929,-0.60,6.23,7.56,0.21,1.50,-0.36,4.30,14.98,-52.48
96,0000,17940,-0.72,6.25,7.52,0.25,1.39,-0.30,4.46,14.92,-52.70
97,0000,17951,-0.67,6.31,7.52,0.25,1.52,-0.14,4.44,15.59,-52.89
98,0000,17962,-0.66,6.27,7.55,0.16,1.31,-0.47,3.86,14.82,-52.75
99,0000,17973,-0.66,6.20,7.56,0.25,1.43,-0.22,4.43,14.47,-52.84
100,0000,17984,-0.63,6.24,7.56,0.01,1.37,-0.22,4.66,14.70,-53.01
101,0000,17995,-0.65,6.24,7.53,0.09,1.76,-0.31,4.25,14.94,-53.10
102,0000,18006,-0.67,6.23,7.57,0.28,1.50,-0.51,4.68,14.91,-53.67
103,0000,18017,-0.66,6.21,7.57,0.26,1.39,-0.25,4.52,14.79,-52.94
104,0000,18028,-0.58,6.24,7.62,0.24,1.55,-0.38,4.59,14.31,-53.26
105,0000,18039,-0.60,6.21,7.57,0.20,1.50,-0.15,4.38,13.99,-52.56
106,0000,18050,-0.64,6.24,7.58,0.18,1.51,-0.56,4.66,15.08,-52.91
107,0000,18061,-0.62,6.27,7.55,0.10,1.41,-0.26,4.84,14.64,-52.86
108,0000,18072,-0.63,6.22,7.61,0.25,1.50,-0.31,5.07,14.83,-52.67
109,0000,18083,-0.64,6.22,7.57,0.15,1.50,-0.57,4.74,15.00,-52.79
110,0000,18094,-0.66,6.21,7.55,-0.05,1.57,-0.53,4.56,14.66,-52.95
111,0000,18105,-0.63,6.20,7.57,0.24,1.64,-0.46,4.44,15.61,-52.54
112,0000,18116,-0.65,6.26,7.53,0.16,1.77,-0.28,4.38,15.11,-52.62
113,0000,18127,-0.69,6.23,7.54,0.02,1.53,-0.19,4.28,15.13,-52.88
114,0000,18138,-0.67,6.26,7.58,0.29,1.50,-0.50,4.52,14.85,-52.88
115,0000,18149,-0.68,6.25,7.55,-0.06,1.57,-0.21,4.37,15.36,-53.20
116,0000,18160,-0.68,6.22,7.52,0.24,1.53,-0.31,4.08,15.00,-53.36
117,0000,18171,-0.71,6.25,7.59,0.13,1.33,-0.46,4.78,15.16,-53.57
118,0000,18182,-0.62,6.27,7.57,0.17,1.62,-0.39,4.28,15.33,-52.59
119,0000,18193,-0.63,6.26,7.58,0.20,1.46,-0.51,4.53,15.17,-53.05
120,0000,18204,-0.56,6.21,7.65,0.07,1.49,-0.31,4.44,14.98,-52.98
121,0000,18215,-0.56,6.23,7.64,0.18,1.56,-0.51,4.41,14.92,-53.60
122,0000,18226,-0.61,6.19,7.64,0.11,1.62,-0.44,4.34,14.47,-52.86
123,0000,18237,-0.68,6.25,7.53,0.09,1.44,-0.30,4.37,14.66,-53.64
124,0000,18248,-0.69,6.20,7.51,0.29,1.36,-0.37,4.44,15.36,-52.54
125,0000,18259,-0.66,6.24,7.61,0.30,1.43,-0.17,4.25,14.95,-53.23
126,0000,18282,-0.60,6.20,7.65,0.22,1.40,-0.30,4.31,15.27,-52.89
127,0000,18293,-0.67,6.25,7.59,0.25,1.39,-0.26,3.99,14.81,-53.35
128,0000,18304,-0.74,6.27,7.49,0.38,1.58,-0.24,4.78,15.08,-52.91
129,0000,18315,-0.64,6.27,7.52,-0.05,1.37,-0.30,4.36,14.86,-53.64
130,0000,18326,-0.64,6.25,7.59,-0.01,1.37,-0.25,4.68,14.51,-53.24
131,0000,18337,-0.64,6.21,7.55,-0.01,1.46,-0.40,4.57,15.07,-53.32
132,0000,18348,-0.63,6.27,7.57,-0.02,1.49,-0.65,4.11,14.83,-52.48
133,0000,18359,-0.68,6.25,7.51,0.20,1.59,-0.53,4.46,14.94,-52.86
134,0000,18370,-0.64,6.22,7.54,0.31,1.32,-0.35,4.66,15.38,-52.47
135,0000,18381,-0.62,6.21,7.59,0.22,1.71,-0.39,4.18,15.39,-52.79
136,0000,18392,-0.61,6.20,7.61,0.11,1.71,-0.35,4.08,15.51,-53.04
137,0000,18403,-0.62,6.25,7.56,0.28,1.47,-0.51,4.78,14.73,-52.44
138,0000,18414,-0.66,6.26,7.57,-0.03,1.52,-0.35,4.76,15.67,-52.60
139,0000,18425,-0.67,6.25,7.53,0.31,1.57,-0.42,4.12,14.89,-52.79
140,0000,18436,-0.65,6.21,7.55,0.31,1.52,-0.33,4.36,15.20,-52.89
141,0000,18447,-0.63,6.25,7.54,-0.04,1.43,-0.17,4.41,15.07,-52.31
142,0000,18458,-0.67,6.22,7.53,0.14,1.46,-0.38,4.79,15.02,-53.43
143,0000,18469,-0.65,6.21,7.55,0.29,1.50,-0.33,4.57,14.59,-52.18
144,0000,18480,-0.59,6.28,7.60,0.17,1.50,-0.28,4.57,15.07,-52.18
145,0000,18491,-0.64,6.24,7.64,0.07,1.50,-0.36,4.25,14.48,-53.01
146,0000,18502,-0.62,6.24,7.60,0.23,1.65,-0.37,4.44,15.13,-52.54
147,0000,18513,-0.63,6.24,7.59,0.33,1.50,-0.26,4.31,14.79,-52.88
148,0000,18524,-0.65,6.25,7.58,0.01,1.36,-0.57,4.71,14.91,-53.76
149,0000,18535,-0.66,6.28,7.52,0.10,1.59,-0.38,4.72,15.02,-52.89
150,0000,18546,-0.60,6.15,7.49,0.10,1.52,-0.55,4.28,14.81,-53.41
151,0000,18557,-0.63,6.26,7.58,-0.01,1.58,-0.47,4.59,14.34,-53.49
152,0000,18568,-0.64,6.23,7.58,0.08,1.63,-0.32,4.34,14.53,-53.00
153,0000,18579,-0.65,6.20,7.58,0.04,1.39,-0.38,4.50,14.57,-53.68
154,0000,18590,-0.63,6.24,7.60,0.31,1.44,-0.45,4.65,14.59,-53.54
155,0000,18601,-0.64,6.24,7.58,0.06,1.43,-0.37,4.09,14.92,-53.27
156,0000,18612,-0.64,6.25,7.55,0.18,1.48,-0.34,3.84,14.88,-52.65
157,0000,18623,-0.61,6.27,7.62,0.04,1.51,-0.29,4.40,14.81,-53.54
158,0000,18634,-0.68,6.24,7.58,0.36,1.59,-0.38,4.68,15.08,-52.41
159,0000,18645,-0.69,6.23,7.53,0.31,1.43,-0.35,4.27,14.89,-53.23
160,0000,18656,-0.63,6.30,7.58,0.04,1.58,-0.55,4.43,15.07,-53.57
161,0000,18667,-0.62,6.28,7.58,0.00,1.46,-0.33,4.22,14.64,-53.45
162,0000,18678,-0.63,6.26,7.59,0.01,1.49,-0.38,4.02,14.35,-52.48
163,0000,18689,-0.61,6.20,7.61,-0.19,1.55,-0.56,4.18,14.40,-53.77
164,0000,18700,-0.62,6.24,7.61,-0.04,1.50,-0.45,3.98,14.73,-53.08
165,0000,18711,-0.67,6.28,7.52,0.18,1.49,-0.28,3.98,14.05,-53.46
166,0000,18722,-0.67,6.23,7.58,0.21,1.40,-0.51,4.30,14.53,-53.20
167,0000,18733,-0.65,6.25,7.56,0.12,1.43,-0.39,3.74,14.10,-53.55
168,0000,18744,-0.66,6.22,7.56,0.04,1.40,-0.41,3.81,14.54,-53.55
169,0000,18755,-0.60,6.24,7.57,0.16,1.42,-0.38,4.14,14.59,-52.75
170,0000,18766,-0.64,6.26,7.58,0.19,1.34,-0.38,4.30,14.78,-53.01
171,0000,18777,-0.65,6.24,7.52,-0.17,1.44,-0.24,3.87,14.47,-53.86
172,0000,18788,-0.67,6.23,7.52,0.19,1.49,-0.38,4.21,15.13,-53.46
173,0000,18799,-0.65,6.24,7.60,0.12,1.52,-0.34,4.71,14.98,-52.46
174,0000,18810,-0.64,6.37,7.60,0.08,1.35,-0.40,4.38,14.60,-52.89
175,0000,18821,-0.66,6.23,7.58,0.15,1.65,-0.37,4.57,14.79,-53.36
176,0000,18832,-0.62,6.25,7.61,0.29,1.51,-0.28,4.59,14.94,-53.54
177,0000,18843,-0.65,6.20,7.56,0.32,1.60,-0.28,4.34,14.81,-53.14
178,0000,18854,-0.62,6.21,7.57,0.30,1.46,-0.32,4.78,14.94,-52.66
179,0000,18865,-0.63,6.24,7.52,0.27,1.83,-0.31,5.04,14.73,-52.47
180,0000,18876,-0.65,6.25,7.56,0.21,1.37,-0.37,4.72,14.73,-52.54
181,0000,18887,-0.64,6.25,7.55,0.08,1.33,-0.43,4.87,14.98,-52.59
182,0000,18898,-0.64,6.41,7.57,0.18,1.43,-0.47,4.33,15.01,-52.97
183,0000,18909,-0.62,6.25,7.64,0.14,1.56,-0.43,4.68,14.54,-53.16
184,0000,18920,-0.67,6.24,7.55,0.34,1.73,-0.24,4.66,14.78,-53.22
185,0000,18931,-0.63,6.22,7.58,0.41,1.72,-0.28,4.14,14.57,-53.54
186,0000,18942,-0.63,6.22,7.55,0.20,1.25,-0.30,4.49,14.37,-53.11
187,0000,18953,-0.63,6.21,7.59,0.13,1.47,-0.44,4.43,15.40,-53.05
188,0000,18976,-0.65,6.24,7.57,0.06,1.63,-0.38,3.92,15.10,-52.62
189,0000,18987,-0.66,6.24,7.55,-0.04,1.52,-0.45,4.21,15.48,-52.65
190,0000,18998,-0.63,6.25,7.55,0.07,1.44,-0.36,3.93,14.62,-52.46
191,0000,19009,-0.67,6.26,7.61,0.17,1.48,-0.47,4.15,14.64,-53.32
192,0000,19020,-0.62,6.25,7.57,0.06,1.40,-0.49,4.36,14.75,-53.10
193,0000,19031,-0.63,6.28,7.56,0.18,1.56,-0.33,4.08,15.16,-53.33
194,0000,19042,-0.59,6.26,7.60,0.30,1.41,-0.28,3.90,14.82,-53.17
195,0000,19053,-0.60,6.26,7.58,0.07,1.38,-0.38,4.53,15.04,-52.85
196,0000,19064,-0.65,6.20,7.54,0.26,1.64,-0.36,4.17,14.95,-53.00
197,0000,19075,-0.65,6.29,7.54,0.04,1.37,-0.28,4.31,15.08,-52.86
198,0000,19086,-0.70,6.22,7.53,0.25,1.64,-0.51,4.44,14.97,-53.16
199,0000,19097,-0.63,6.22,7.54,0.33,1.58,-0.34,3.98,14.82,-53.24
200,0000,19108,-0.61,6.25,7.59,0.11,1.28,-0.22,4.40,15.24,-53.10
201,0000,19119,-0.63,6.28,7.59,0.27,1.64,-0.31,4.60,14.95,-53.51
202,0000,19130,-0.67,6.29,7.55,0.20,1.45,-0.32,4.56,15.80,-53.23
203,0000,19141,-0.67,6.22,7.55,-0.12,1.38,-0.45,4.33,15.64,-53.80
204,0000,19152,-0.61,6.26,7.63,0.22,1.65,-0.36,4.46,15.20,-53.11
205,0000,19163,-0.62,6.18,7.58,-0.10,1.35,-0.38,4.22,15.55,-52.94
206,0000,19174,-0.63,6.22,7.54,-0.04,1.34,-0.30,4.36,14.94,-53.48
207,0000,19185,-0.62,6.22,7.55,0.07,1.56,-0.38,3.96,15.33,-53.00
208,0000,19196,-0.60,6.24,7.59,0.08,1.48,-0.41,4.15,14.83,-53.03
209,0000,19207,-0.62,6.20,7.61,0.31,1.48,-0.28,4.27,14.98,-53.32
210,0000,19218,-0.59,6.22,7.64,0.23,1.61,-0.37,4.33,14.89,-52.85
211,0000,19229,-0.59,6.24,7.61,0.39,1.62,-0.34,4.12,14.67,-53.05
212,0000,19240,-0.63,6.28,7.60,0.20,1.55,-0.34,4.15,15.02,-52.60
213,0000,19251,-0.63,6.28,7.59,0.18,1.50,-0.46,4.22,15.64,-53.39
214,0000,19262,-0.62,6.25,7.59,0.38,1.55,-0.24,3.81,15.35,-53.19
215,0000,19273,-0.63,6.23,7.59,0.17,1.36,-0.14,4.11,15.40,-53.45
216,0000,19284,-0.63,6.26,7.62,0.04,1.49,-0.35,4.44,15.29,-53.07
217,0000,19295,-0.67,6.24,7.58,0.22,1.54,-0.37,3.55,15.19,-54.00
218,0000,19306,-0.61,6.27,7.59,0.28,1.53,-0.40,4.62,14.76,-53.46
219,0000,19317,-0.66,6.22,7.61,0.41,1.45,-0.24,5.09,15.33,-52.78
220,0000,19328,-0.59,6.21,7.59,0.29,1.36,-0.37,4.25,15.65,-53.62
221,0000,19339,-0.63,6.17,7.59,0.26,1.43,-0.26,4.27,15.36,-53.51
222,0000,19350,-0.60,6.23,7.58,0.07,1.60,-0.45,4.46,15.62,-53.17
223,0000,19361,-0.69,6.26,7.54,0.07,1.57,-0.42,4.52,14.89,-53.24
224,0000,19372,-0.70,6.21,7.53,0.24,1.56,-0.38,4.31,15.48,-53.11
225,0000,19383,-0.61,6.29,7.63,0.10,1.46,-0.41,4.19,15.46,-52.13
226,0000,19394,-0.64,6.21,7.56,0.04,1.30,-0.41,4.08,15.32,-52.47
227,0000,19405,-0.65,6.22,7.59,-0.06,1.36,-0.30,4.18,14.83,-53.00
228,0000,19416,-0.66,6.20,7.61,0.16,1.53,-0.40,4.81,15.49,-52.78
229,0000,19427,-0.61,6.24,7.60,0.06,1.50,-0.43,4.38,15.26,-53.04
230,0000,19438,-0.66,6.24,7.57,0.24,1.43,-0.25,4.49,15.20,-53.90
231,0000,19449,-0.61,6.24,7.64,0.17,1.61,-0.50,4.90,14.75,-53.20
232,0000,19460,-0.53,6.24,7.63,0.29,1.50,-0.32,4.47,14.86,-53.71
233,0000,19471,-0.64,6.20,7.55,0.14,1.46,-0.44,4.71,14.97,-53.04
234,0000,19482,-0.69,6.31,7.51,0.34,1.42,-0.47,4.11,15.61,-53.61
235,0000,19493,-0.68,6.29,7.51,0.14,1.32,-0.45,4.30,15.05,-53.74
236,0000,19504,-0.67,6.23,7.59,0.35,1.52,-0.14,4.56,15.46,-53.52
237,0000,19515,-0.65,6.20,7.59,0.10,1.46,-0.50,3.92,15.64,-52.67
238,0000,19526,-0.59,6.21,7.64,-0.02,1.54,-0.46,4.06,15.14,-53.29
239,0000,19537,-0.67,6.25,7.51,0.05,1.57,-0.50,4.84,15.35,-52.92
240,0000,19548,-0.64,6.26,7.55,0.10,1.65,-0.31,3.95,15.55,-53.24
241,0000,19559,-0.63,6.25,7.58,0.16,1.57,-0.37,4.11,15.07,-53.67
242,0000,19570,-0.63,6.18,7.60,0.24,1.60,-0.17,4.22,15.86,-53.19
243,0000,19581,-0.60,6.18,7.59,-0.06,1.64,-0.55,4.21,15.13,-53.26
244,0000,19592,-0.63,6.24,7.57,0.16,1.55,-0.53,4.11,15.10,-53.93
245,0000,19603,-0.65,6.25,7.51,0.17,1.51,-0.47,4.47,15.21,-53.71
246,0000,19614,-0.62,6.24,7.58,0.10,1.61,-0.23,4.09,15.45,-53.17
247,0000,19625,-0.59,6.23,7.65,0.29,1.57,-0.32,4.47,14.41,-53.58
248,0000,19636,-0.64,6.22,7.62,0.10,1.46,-0.43,4.43,15.36,-53.42
249,0000,19647,-0.68,6.24,7.60,0.02,1.50,-0.47,4.17,15.23,-52.60
250,0000,19673,-0.65,6.21,7.61,0.32,1.41,-0.52,3.76,15.05,-53.23
251,0000,19684,-0.66,6.21,7.56,0.04,1.50,-0.38,4.22,15.43,-52.73
252,0000,19695,-0.59,6.26,7.62,0.39,1.57,-0.55,4.36,15.24,-53.29
253,0000,19706,-0.62,6.26,7.60,0.15,1.53,-0.50,4.09,14.48,-53.49
254,0000,19717,-0.60,6.20,7.56,0.24,1.59,-0.38,3.89,15.02,-53.20
255,0000,19728,-0.63,6.23,7.61,0.22,1.58,-0.52,3.81,15.13,-53.19
256,0000,19739,-0.66,6.21,7.55,0.43,1.57,-0.34,4.18,15.11,-52.84
257,0000,19750,-0.63,6.26,7.56,0.33,1.43,-0.22,4.43,15.38,-52.98
258,0000,19761,-0.64,6.28,7.58,0.16,1.29,-0.31,3.86,15.21,-53.45
259,0000,19772,-0.66,6.23,7.57,0.20,1.45,-0.40,4.09,15.30,-52.72
260,0000,19783,-0.67,6.26,7.55,0.39,1.57,-0.23,4.30,15.45,-52.94
261,0000,19794,-0.64,6.21,7.56,-0.01,1.53,-0.33,4.08,15.77,-52.81
262,0000,19805,-0.59,6.24,7.61,0.29,1.49,-0.45,4.33,15.39,-52.88
263,0000,19816,-0.63,6.22,7.56,0.18,1.52,-0.30,4.33,15.27,-52.41
264,0000,19827,-0.66,6.25,7.57,0.34,1.40,-0.47,4.28,15.17,-53.00
265,0000,19838,-0.69,6.24,7.60,0.21,1.64,-0.35,5.00,15.54,-52.73
266,0000,19849,-0.61,6.25,7.58,0.08,1.69,-0.37,4.60,15.43,-52.59
267,0000,19860,-0.60,6.23,7.61,0.27,1.62,-0.52,4.36,14.98,-52.54
268,0000,19871,-0.68,6.23,7.57,0.31,1.48,-0.31,4.25,15.40,-52.73
269,0000,19882,-0.63,6.27,7.54,0.23,1.47,-0.70,4.59,15.48,-52.81
270,0000,19893,-0.65,6.22,7.59,0.09,1.46,-0.41,4.59,15.45,-52.72
271,0000,19904,-0.61,6.28,7.60,0.21,1.56,-0.36,4.49,15.11,-52.32
272,0000,19915,-0.66,6.25,7.52,0.04,1.38,-0.32,4.53,15.00,-52.85
273,0000,19926,-0.63,6.25,7.60,0.21,1.42,-0.23,4.18,14.66,-53.36
274,0000,19937,-0.67,6.19,7.58,0.24,1.55,-0.14,4.28,15.20,-52.97
275,0000,19948,-0.69,6.21,7.57,0.25,1.38,-0.59,4.40,14.63,-52.98
276,0000,19959,-0.58,6.27,7.64,0.03,1.46,-0.39,4.02,14.29,-53.32
277,0000,19970,-0.61,6.23,7.61,-0.03,1.38,-0.35,4.21,15.17,-52.34
278,0000,19981,-0.64,6.27,7.59,0.24,1.55,-0.33,4.27,15.20,-52.70
279,0000,19992,-0.69,6.25,7.55,2.20,1.44,-0.39,3.95,15.30,-53.41
280,0000,20003,-0.69,6.24,7.51,0.17,1.45,-0.45,4.52,15.40,-52.72
281,0000,20014,-0.65,6.26,7.59,0.23,1.44,-0.32,3.73,15.39,-52.88
282,0000,20025,-0.66,6.26,7.60,0.27,1.57,-0.46,3.83,14.79,-52.94
283,0000,20036,-0.63,6.30,7.65,0.17,1.32,-0.38,4.36,15.46,-53.03
284,0000,20047,-0.70,6.27,7.60,0.34,1.53,-0.24,4.40,15.43,-53.26
285,0000,20058,-0.66,6.26,7.58,0.26,1.56,-0.34,4.02,15.14,-53.45
286,0000,20069,-0.61,6.19,7.57,0.17,1.78,-0.10,4.33,14.89,-53.36
287,0000,20080,-0.58,6.22,7.59,0.52,1.50,-0.20,4.02,14.88,-53.39
288,0000,20091,-0.64,6.27,7.57,0.16,1.41,-0.45,3.87,15.35,-53.07
289,0000,20102,-0.64,6.24,7.62,0.31,1.46,-0.38,4.21,15.76,-52.62
290,0000,20113,-0.63,6.27,7.57,0.38,1.41,-0.32,3.80,15.49,-53.43
291,0000,20124,-0.67,6.25,7.54,0.15,1.44,-0.40,4.24,15.19,-53.74
292,0000,20135,-0.63,6.27,7.62,0.33,1.58,-0.38,4.08,15.65,-53.60
293,0000,20146,-0.65,6.23,7.59,0.10,1.63,-0.23,4.15,15.57,-53.95
294,0000,20157,-0.60,6.21,7.58,0.02,1.54,-0.32,4.05,15.08,-53.54
295,0000,20168,-0.63,6.24,7.56,0.21,1.50,-0.31,3.77,15.68,-53.33
296,0000,20179,-0.64,6.21,7.58,0.24,1.67,-0.30,3.61,16.00,-53.08
297,0000,20190,-0.65,6.23,7.52,0.21,1.58,-0.26,3.84,15.87,-53.14
298,0000,20201,-0.63,6.25,7.61,0.17,1.39,-0.29,3.89,15.38,-53.19
299,0000,20212,-0.60,6.25,7.57,0.44,1.47,-0.41,4.09,15.10,-53.17
300,0000,20223,-0.69,6.23,7.57,0.00,1.44,-0.42,3.81,15.20,-52.65
301,0000,20234,-0.64,6.26,7.57,0.19,1.66,-0.43,3.98,15.33,-53.10
302,0000,20245,-0.64,6.25,7.62,0.18,1.57,-0.15,3.54,15.19,-52.69
303,0000,20256,-0.63,6.18,7.56,0.07,1.51,-0.32,4.03,14.79,-53.07
304,0000,20267,-0.63,6.20,7.57,0.05,1.58,-0.46,3.81,15.64,-52.78
305,0000,20278,-0.67,6.27,7.57,0.22,1.42,-0.24,3.68,15.13,-53.11
306,0000,20289,-0.72,6.28,7.52,-0.01,1.63,-0.25,4.06,14.92,-53.55
307,0000,20300,-0.71,6.26,7.57,0.11,1.38,-0.31,4.25,15.11,-52.66
308,0000,20311,-0.61,6.28,7.63,0.25,1.58,-0.38,3.61,15.13,-52.50
309,0000,20322,-0.65,6.28,7.63,0.14,1.36,-0.48,4.09,15.05,-53.13
310,0000,20333,-0.65,6.20,7.56,0.18,1.40,-0.30,4.30,15.52,-52.10
311,0000,20344,-0.66,6.26,7.55,0.22,1.31,-0.10,3.95,15.38,-52.43
312,0000,20367,-0.61,6.23,7.59,0.17,1.54,-0.33,4.41,15.68,-52.57
313,0000,20378,-0.59,6.27,7.66,0.07,1.60,-0.56,3.95,15.13,-51.68
314,0000,20389,-0.59,6.22,7.64,0.17,1.65,-0.31,3.90,15.20,-51.94
315,0000,20400,-0.64,6.26,7.59,0.18,1.45,-0.40,4.31,15.54,-52.48
316,0000,20411,-0.66,6.24,7.56,0.28,1.49,-0.43,3.76,15.33,-52.32
317,0000,20422,-0.66,6.24,7.58,0.19,1.63,-0.30,4.15,14.89,-52.97
318,0000,20433,-0.67,6.20,7.56,0.14,1.42,-0.34,4.02,15.32,-52.05
319,0000,20444,-0.63,6.20,7.60,0.38,1.67,-0.16,3.45,15.05,-52.75
320,0000,20455,-0.63,6.26,7.63,0.28,1.47,-0.42,3.79,15.43,-52.08
321,0000,20466,-0.65,6.27,7.59,0.02,1.32,-0.40,4.19,15.04,-52.37
322,0000,20477,-0.66,6.27,7.59,0.05,1.41,-0.42,4.06,14.66,-52.91
323,0000,20488,-0.63,6.26,7.65,0.30,1.46,-0.38,4.27,15.02,-52.85
324,0000,20499,-0.63,6.24,7.60,0.06,1.45,-0.35,4.30,15.62,-52.47
325,0000,20510,-0.69,6.27,7.56,0.38,1.70,-0.42,4.31,14.53,-52.67
326,0000,20521,-0.61,6.27,7.62,0.25,1.68,-0.40,4.60,15.38,-52.69
327,0000,20532,-0.64,6.33,7.59,0.26,1.49,-0.40,3.98,15.48,-51.84
328,0000,20543,-0.68,6.19,7.57,0.27,1.56,-0.24,3.98,14.86,-52.94
329,0000,20554,-0.58,6.25,7.66,0.24,1.36,-0.52,4.14,15.19,-52.29
330,0000,20565,-0.58,6.24,7.62,0.24,1.51,-0.36,3.96,15.33,-52.32
331,0000,20576,-0.64,6.22,7.58,0.31,1.47,-0.47,4.02,14.94,-53.14
332,0000,20587,-0.65,6.21,7.56,0.46,1.57,-0.42,3.87,14.75,-52.88
333,0000,20598,-0.59,6.24,7.58,-0.04,1.56,-0.38,3.92,14.91,-52.84
334,0000,20609,-0.61,6.22,7.58,-0.04,1.49,-0.31,4.06,14.64,-53.51
335,0000,20620,-0.65,6.22,7.57,0.19,1.41,-0.31,4.03,14.83,-52.50
336,0000,20631,-0.59,6.26,7.62,0.31,1.41,-0.24,3.80,14.43,-52.46
337,0000,20642,-0.63,6.22,7.61,0.31,1.50,-0.37,4.50,14.76,-52.48
338,0000,20653,-0.67,6.24,7.57,0.17,1.29,-0.26,4.17,14.94,-52.73
339,0000,20664,-0.68,6.25,7.57,0.25,1.64,-0.36,4.14,15.01,-53.16
340,0000,20675,-0.61,6.24,7.54,-0.21,1.45,-0.50,4.09,15.26,-53.04
341,0000,20686,-0.63,6.24,7.55,0.07,1.42,-0.49,3.92,15.68,-52.13
342,0000,20697,-0.66,6.24,7.56,0.48,1.36,-0.44,4.06,15.30,-52.51
343,0000,20708,-0.67,6.29,7.57,0.37,1.51,-0.55,4.05,14.73,-53.10
344,0000,20719,-0.66,6.28,7.58,0.04,1.56,-0.45,4.09,15.36,-52.47
345,0000,20730,-0.62,6.27,7.63,0.14,1.41,-0.31,3.90,15.30,-52.81
346,0000,20741,-0.65,6.23,7.55,0.15,1.65,-0.55,4.17,15.19,-52.57
347,0000,20752,-0.64,6.21,7.57,0.53,1.58,-0.38,3.81,15.58,-52.18
348,0000,20763,-0.48,6.22,7.55,0.37,1.41,-0.52,3.65,15.33,-52.54
349,0000,20774,-0.67,6.20,7.58,0.30,1.43,-0.53,3.87,15.30,-52.02
350,0000,20785,-0.61,6.19,7.58,0.37,1.47,-0.29,3.92,15.46,-52.66
351,0000,20796,-0.56,6.18,7.56,0.42,1.62,-0.41,4.02,15.33,-52.25
352,0000,20807,-0.62,6.23,7.58,0.59,1.44,-0.38,4.36,15.27,-52.66
353,0000,20818,-0.64,6.25,7.59,0.80,1.44,-0.33,4.02,15.01,-52.34
354,0000,20829,-0.63,6.22,7.58,0.80,1.64,-0.25,4.11,14.81,-52.91
355,0000,20840,-0.64,6.24,7.61,0.34,1.48,-0.42,4.47,15.08,-53.43
356,0000,20851,-0.62,6.23,7.58,-0.04,1.46,-0.44,3.79,15.33,-52.38
357,0000,20862,-0.60,6.27,7.59,0.19,1.61,-0.52,3.10,15.52,-51.91
358,0000,20873,-0.68,6.24,7.56,0.31,1.57,-0.28,4.28,15.70,-53.16
359,0000,20884,-0.69,6.23,7.55,-0.07,1.37,-0.44,4.09,15.71,-52.50
360,0000,20895,-0.61,6.23,7.58,0.40,1.64,-0.33,3.67,15.14,-52.08
361,0000,20906,-0.64,6.22,7.60,0.42,1.61,-0.32,4.11,14.59,-52.48
362,0000,20917,-0.64,6.23,7.57,0.07,1.60,-0.30,4.19,15.48,-52.34
363,0000,20928,-0.65,6.26,7.55,0.24,1.67,-0.45,4.40,15.76,-52.13
364,0000,20939,-0.68,6.27,7.57,0.30,1.37,-0.42,4.08,15.48,-52.31
365,0000,20950,-0.65,6.22,7.56,0.04,1.43,-0.35,4.19,15.59,-52.21
366,0000,20961,-0.64,6.23,7.58,0.32,1.44,-0.18,4.49,15.21,-52.81
367,0000,20972,-0.63,6.18,7.57,0.12,1.62,-0.28,4.02,15.19,-52.86
368,0000,20983,-0.59,6.17,7.58,-0.02,1.29,-0.38,4.00,15.35,-51.99
369,0000,20994,-0.56,6.23,7.60,0.15,1.50,-0.39,4.14,15.43,-51.81
370,0000,21005,-0.65,6.19,7.60,0.11,1.53,-0.24,4.28,15.62,-52.62
371,0000,21016,-0.64,6.25,7.60,-0.03,1.46,-0.46,4.44,15.86,-52.05
372,0000,21027,-0.75,6.25,7.53,0.21,1.45,-0.43,4.00,14.72,-52.48
373,0000,21038,-0.60,6.24,7.62,0.07,1.57,-0.35,4.34,15.19,-52.22
374,0000,21061,-0.66,6.24,7.55,-0.04,1.45,-0.40,3.79,15.20,-52.12
375,0000,21072,-0.62,6.24,7.58,0.12,1.60,-0.59,3.95,15.26,-53.03
376,0000,21083,-0.63,6.25,7.65,-0.10,1.47,-0.26,3.93,15.49,-51.46
377,0000,21094,-0.63,6.23,7.61,-0.05,1.64,-0.27,3.93,14.88,-52.27
378,0000,21105,-0.62,6.22,7.58,0.28,1.47,-0.48,3.92,14.88,-52.76
379,0000,21116,-0.59,6.21,7.59,0.24,1.48,-0.46,4.30,15.49,-52.41
380,0000,21127,-0.63,6.22,7.59,0.29,1.45,-0.25,3.73,15.04,-52.56
381,0000,21138,-0.64,6.21,7.59,0.09,1.56,-0.39,4.08,15.01,-52.62
382,0000,21149,-0.61,6.21,7.63,0.39,1.43,-0.31,4.05,14.86,-53.22
383,0000,21160,-0.60,6.19,7.62,0.54,1.60,-0.49,3.98,14.98,-52.88
384,0000,21171,-0.65,6.25,7.60,0.12,1.69,-0.21,4.25,15.02,-52.73
385,0000,21182,-0.63,6.27,7.57,0.01,1.29,-0.48,4.84,15.67,-52.24
386,0000,21193,-0.65,6.25,7.56,-0.02,1.28,-0.43,3.96,14.59,-53.24
387,0000,21204,-0.65,6.25,7.57,0.03,1.67,-0.26,4.19,15.07,-52.73
388,0000,21215,-0.62,6.23,7.59,0.17,1.58,-0.30,4.11,15.24,-52.72
389,0000,21226,-0.66,6.21,7.60,0.36,1.33,-0.49,4.09,15.38,-52.03
390,0000,21237,-0.64,6.24,7.54,0.28,1.51,-0.44,4.33,15.23,-52.13
391,0000,21248,-0.65,6.22,7.60,0.02,1.43,-0.46,4.50,15.71,-51.67
392,0000,21259,-0.65,6.23,7.59,0.32,1.57,-0.24,4.15,15.30,-52.13
393,0000,21270,-0.63,6.21,7.57,0.00,1.49,-0.41,4.30,15.30,-51.61
394,0000,21281,-0.60,6.23,7.57,0.42,1.37,-0.42,3.80,15.33,-52.41
395,0000,21292,-0.71,6.21,7.52,0.11,1.50,-0.50,4.02,14.79,-52.19
396,0000,21303,-0.68,6.24,7.54,0.04,1.49,-0.46,4.21,14.75,-52.75
397,0000,21314,-0.62,6.27,7.59,0.08,1.64,-0.49,4.25,15.14,-52.46
398,0000,21325,-0.65,6.22,7.61,0.05,1.39,-0.52,4.36,14.78,-52.28
399,0000,21336,-0.62,6.22,7.59,0.14,1.36,-0.43,4.24,14.67,-52.22
400,0000,21347,-0.66,6.21,7.57,0.16,1.36,-0.24,4.06,15.19,-51.61
401,0000,21358,-0.62,6.25,7.61,0.27,1.37,-0.44,4.28,14.53,-52.35
402,0000,21369,-0.68,6.21,7.57,0.14,1.43,-0.27,3.93,15.02,-51.91
403,0000,21380,-0.64,6.25,7.59,0.04,1.50,-0.64,3.51,14.85,-51.78
404,0000,21391,-0.67,6.26,7.58,0.30,1.48,-0.42,4.27,14.85,-52.59
405,0000,21402,-0.62,6.27,7.59,0.09,1.47,-0.29,3.95,15.16,-52.18
406,0000,21413,-0.60,6.24,7.59,0.31,1.48,-0.31,4.28,15.67,-52.24
407,0000,21424,-0.61,6.22,7.61,0.21,1.36,-0.52,3.71,15.33,-53.11
408,0000,21435,-0.60,6.25,7.60,0.21,1.51,-0.37,4.17,15.55,-52.38
409,0000,21446,-0.63,6.24,7.58,0.25,1.51,-0.33,3.84,15.51,-51.53
410,0000,21457,-0.66,6.22,7.63,0.21,1.56,-0.23,4.41,15.11,-52.12
411,0000,21468,-0.64,6.23,7.56,0.15,1.44,-0.31,4.24,15.14,-51.87
412,0000,21479,-0.65,6.22,7.56,0.31,1.53,-0.29,4.34,14.81,-52.12
413,0000,21490,-0.64,6.20,7.60,0.28,1.61,-0.33,4.72,14.88,-52.35
414,0000,21501,-0.63,6.21,7.60,0.23,1.48,-0.41,4.53,14.92,-52.32
415,0000,21512,-0.63,6.18,7.59,-0.02,1.77,-0.38,4.56,15.19,-52.78
416,0000,21523,-0.63,6.22,7.60,0.20,1.43,-0.52,4.43,15.61,-53.01
417,0000,21534,-0.61,6.23,7.63,0.21,1.61,-0.25,3.92,15.65,-52.24
418,0000,21545,-0.64,6.28,7.53,0.24,1.43,-0.50,4.02,15.14,-52.37
419,0000,21556,-0.63,6.24,7.60,0.26,1.37,-0.35,4.47,14.88,-52.05
420,0000,21567,-0.63,6.27,7.57,0.24,1.45,-0.30,4.50,15.52,-52.46
421,0000,21578,-0.66,6.18,7.55,0.28,1.50,-0.24,4.36,15.43,-52.22
422,0000,21589,-0.65,6.24,7.58,-0.05,1.52,-0.53,4.30,15.36,-51.74
423,0000,21600,-0.64,6.26,7.58,0.18,1.54,-0.24,4.33,15.77,-52.03
424,0000,21611,-0.65,6.21,7.59,0.36,1.40,-0.24,4.06,15.78,-52.32
425,0000,21622,-0.63,6.23,7.60,0.14,1.49,-0.23,4.00,15.23,-52.18
426,0000,21633,-0.65,6.25,7.58,0.29,1.28,-0.36,4.60,15.49,-51.90
427,0000,21644,-0.67,6.30,7.56,0.27,1.68,-0.51,4.38,15.39,-52.28
428,0000,21655,-0.68,6.27,7.55,0.21,1.38,-0.52,3.99,15.23,-51.89
429,0000,21666,-0.65,6.27,7.63,0.24,1.52,-0.55,4.41,15.83,-52.02
430,0000,21677,-0.65,6.25,7.56,0.03,1.56,-0.51,4.22,15.33,-52.35
431,0000,21688,-0.60,6.21,7.59,0.04,1.50,-0.17,4.47,15.21,-52.98
432,0000,21699,-0.58,6.25,7.58,0.18,1.43,-0.36,4.49,15.78,-53.19
433,0000,21710,-0.62,6.20,7.59,0.17,1.56,-0.30,4.47,15.52,-52.97
434,0000,21721,-0.64,6.22,7.55,0.27,1.58,-0.56,4.34,15.51,-52.51
435,0000,21732,-0.66,6.19,7.61,0.36,1.55,-0.49,4.55,15.84,-52.43
436,0000,21755,-0.65,6.23,7.61,0.15,1.57,-0.15,4.62,15.78,-51.68
437,0000,21766,-0.65,6.21,7.58,0.25,1.58,-0.38,4.41,16.00,-52.10
438,0000,21777,-0.62,6.29,7.62,0.20,1.64,-0.47,4.60,15.24,-53.32
439,0000,21788,-0.66,6.24,7.56,0.18,1.53,-0.18,4.43,15.00,-52.63
440,0000,21799,-0.66,6.23,7.59,0.18,1.52,-0.27,4.12,15.14,-52.67
441,0000,21810,-0.61,6.20,7.54,0.10,1.43,-0.44,4.33,15.16,-52.59
442,0000,21821,-0.65,6.19,7.57,0.44,1.51,-0.49,4.33,15.21,-52.84
443,0000,21832,-0.67,6.22,7.56,0.13,1.53,-0.38,4.50,15.42,-52.59
444,0000,21843,-0.69,6.21,7.60,0.05,1.51,-0.57,4.75,15.54,-52.75
445,0000,21854,-0.67,6.17,7.59,0.27,1.62,-0.35,4.91,15.10,-53.58
446,0000,21865,-0.62,6.22,7.62,0.17,1.50,-0.45,4.69,15.58,-52.53
447,0000,21876,-0.58,6.25,7.61,0.06,1.56,-0.38,4.36,15.38,-52.70
448,0000,21887,-0.62,6.31,7.63,0.11,1.60,-0.47,4.98,14.85,-52.88
449,0000,21898,-0.69,6.23,7.56,-0.04,1.40,-0.28,4.43,15.52,-51.62
450,0000,21909,-0.62,6.27,7.64,-0.02,1.49,-0.34,4.44,14.95,-52.27
451,0000,21920,-0.59,6.24,7.61,0.17,1.43,-0.36,4.59,15.59,-51.68
452,0000,21931,-0.64,6.22,7.57,-0.05,1.45,-0.42,4.34,15.52,-51.78
453,0000,21942,-0.64,6.23,7.59,0.23,1.48,-0.34,4.08,15.29,-52.24
454,0000,21953,-0.63,6.25,7.63,0.26,1.51,-0.47,4.59,15.35,-52.35
455,0000,21964,-0.65,6.24,7.57,0.34,1.50,-0.55,4.02,15.38,-51.72
456,0000,21975,-0.65,6.23,7.58,0.43,1.60,-0.40,4.06,15.13,-52.62
457,0000,21986,-0.59,6.26,7.64,0.46,1.49,-0.38,4.15,15.61,-52.53
458,0000,21997,-0.67,6.22,7.59,0.33,1.36,-0.43,4.62,15.68,-51.90
459,0000,22008,-0.67,6.25,7.57,0.23,1.43,-0.26,4.24,15.30,-52.31
460,0000,22019,-0.65,6.28,7.55,-0.07,1.53,-0.41,4.33,15.40,-51.97
461,0000,22030,-0.65,6.19,7.58,0.16,1.45,-0.17,4.08,15.42,-52.60
462,0000,22041,-0.62,6.23,7.58,0.09,1.50,-0.50,3.99,14.83,-52.29
463,0000,22052,-0.60,6.20,7.60,0.01,1.53,-0.38,4.22,15.73,-52.21
464,0000,22063,-0.65,6.23,7.58,0.14,1.58,-0.35,3.84,15.97,-52.24
465,0000,22074,-0.70,6.22,7.52,0.13,1.43,-0.34,3.57,15.38,-51.89
466,0000,22085,-0.66,6.26,7.57,0.13,1.36,-0.42,3.99,15.59,-51.68
467,0000,22096,-0.66,6.30,7.62,0.36,1.63,-0.36,3.96,15.11,-51.74
468,0000,22107,-0.64,6.21,7.61,-0.07,1.54,-0.44,3.77,15.62,-53.04
469,0000,22118,-0.55,6.26,7.63,0.42,1.58,-0.15,3.98,15.67,-52.31
470,0000,22129,-0.64,6.23,7.60,-0.14,1.45,-0.67,3.76,15.51,-51.72
471,0000,22140,-0.60,6.25,7.58,-0.03,1.26,-0.35,3.39,15.57,-52.51
472,0000,22151,-0.62,6.22,7.61,0.19,1.55,-0.18,3.46,15.83,-51.29
473,0000,22162,-0.64,6.21,7.59,0.16,1.40,-0.31,3.58,15.27,-52.27
474,0000,22173,-0.62,6.22,7.59,0.21,1.36,-0.36,3.87,15.11,-52.44
475,0000,22184,-0.62,6.25,7.60,0.22,1.49,-0.41,3.51,15.58,-52.46
476,0000,22195,-0.67,6.22,7.57,0.07,1.41,-0.39,3.48,15.23,-51.77
477,0000,22206,-0.64,6.21,7.56,0.14,1.44,-0.45,3.77,15.14,-52.59
478,0000,22217,-0.62,6.25,7.62,0.16,1.77,-0.33,4.28,15.68,-51.94
479,0000,22228,-0.65,6.18,7.56,0.14,1.43,-0.18,3.89,15.19,-52.65
480,0000,22239,-0.66,6.22,7.58,0.01,1.55,-0.45,3.86,15.43,-52.41
481,0000,22250,-0.59,6.26,7.57,0.36,1.65,-0.33,4.36,15.42,-52.84
482,0000,22261,-0.61,6.24,7.60,0.07,1.50,-0.27,4.00,15.40,-52.48
483,0000,22272,-0.65,6.27,7.60,0.32,1.50,-0.39,4.09,15.08,-52.51
484,0000,22283,-0.66,6.23,7.63,0.32,1.55,-0.26,4.78,15.78,-51.77
485,0000,22294,-0.64,6.20,7.59,0.14,1.36,-0.39,4.22,15.30,-52.82
486,0000,22305,-0.67,6.23,7.55,0.25,1.54,-0.30,4.40,15.59,-52.97
487,0000,22316,-0.64,6.26,7.59,0.17,1.44,-0.34,4.43,15.74,-52.73
488,0000,22327,-0.60,6.23,7.58,-0.08,1.58,-0.40,4.08,15.10,-52.85
489,0000,22338,-0.66,6.18,7.54,0.10,1.38,-0.37,4.14,15.14,-53.32
490,0000,22349,-0.66,6.27,7.55,0.04,1.39,-0.30,4.25,15.04,-52.10
491,0000,22360,-0.67,6.25,7.57,0.21,1.22,-0.37,4.11,15.38,-53.01
492,0000,22371,-0.65,6.31,7.54,0.17,1.51,-0.42,4.38,14.73,-52.38
493,0000,22382,-0.70,6.31,7.55,0.01,1.29,-0.43,3.92,15.45,-51.99
494,0000,22393,-0.65,6.27,7.60,0.24,1.68,-0.44,3.80,14.89,-52.94
495,0000,22404,-0.65,6.23,7.61,0.37,1.22,-0.45,4.49,15.10,-53.22
496,0000,22415,-0.64,6.15,7.55,0.19,1.48,-0.33,4.52,15.35,-52.63
497,0000,22426,-0.63,6.24,7.58,0.17,1.43,-0.43,4.49,15.00,-52.65
498,0000,22449,-0.68,6.20,7.57,0.41,1.21,-0.52,3.77,15.45,-52.95
499,0000,22460,-0.61,6.28,7.64,0.29,1.56,-0.19,3.76,15.11,-53.03
500,0000,22471,-0.59,6.22,7.61,0.41,1.73,-0.18,4.27,15.49,-52.95
501,0000,22482,-0.61,6.26,7.59,0.24,1.63,-0.41,4.87,14.69,-52.88
502,0000,22493,-0.68,6.22,7.58,0.31,1.56,-0.41,4.44,15.13,-52.16
503,0000,22504,-0.64,6.27,7.58,0.24,1.24,-0.30,4.76,15.02,-52.62
504,0000,22515,-0.63,6.24,7.61,0.20,1.49,-0.27,4.90,15.65,-51.71
505,0000,22526,-0.63,6.20,7.61,0.13,1.50,-0.35,4.82,15.51,-52.43
506,0000,22537,-0.60,6.24,7.60,0.00,1.56,-0.50,4.63,15.52,-52.27
507,0000,22548,-0.66,6.24,7.52,0.08,1.61,-0.36,4.68,15.89,-51.67
508,0000,22559,-0.66,6.23,7.57,0.17,1.78,-0.45,4.21,15.64,-51.99
509,0000,22570,-0.63,6.20,7.61,0.31,1.78,-0.38,4.53,15.77,-52.56
510,0000,22581,-0.64,6.22,7.60,0.24,1.69,-0.31,4.37,15.62,-52.46
511,0000,22592,-0.65,6.24,7.52,0.34,1.44,-0.33,4.15,15.11,-51.89
512,0000,22603,-0.68,6.25,7.58,0.24,1.41,-0.34,4.41,15.42,-52.28
513,0000,22614,-0.66,6.28,7.55,0.02,1.35,-0.28,4.43,15.84,-52.88
514,0000,22625,-0.71,6.25,7.55,0.40,1.35,-0.24,4.44,15.71,-52.75
515,0000,22636,-0.62,6.24,7.61,0.19,1.57,-0.34,3.99,15.77,-52.75
516,0000,22647,-0.65,6.19,7.61,0.14,1.45,-0.31,4.27,15.62,-51.72
517,0000,22658,-0.63,6.20,7.59,0.42,1.57,-0.28,4.17,15.27,-52.27
518,0000,22669,-0.60,6.24,7.62,0.23,1.50,-0.49,4.62,15.99,-52.02
519,0000,22680,-0.64,6.23,7.63,0.35,1.43,-0.36,3.96,15.54,-52.16
520,0000,22691,-0.65,6.25,7.61,0.45,1.54,0.03,4.14,15.61,-52.54
521,0000,22702,-0.61,6.27,7.60,0.45,1.63,-0.35,4.22,15.67,-52.76
522,0000,22713,-0.63,6.24,7.62,0.44,1.52,-0.40,3.96,15.19,-52.62
523,0000,22724,-0.72,6.22,7.55,0.12,1.47,-0.59,4.11,15.16,-52.95
524,0000,22735,-0.59,6.27,7.58,0.11,1.55,-0.29,4.49,15.67,-52.21
525,0000,22746,-0.63,6.29,7.59,0.22,1.51,-0.29,3.93,15.14,-52.75
526,0000,22757,-0.67,6.18,7.55,-0.09,1.68,-0.31,4.50,16.11,-53.13
527,0000,22768,-0.61,6.22,7.61,0.21,1.55,-0.25,4.74,15.65,-52.19
528,0000,22779,-0.63,6.18,7.61,0.26,1.50,-0.42,4.30,15.21,-51.51
529,0000,22790,-0.61,6.22,7.57,0.14,1.37,-0.40,4.24,15.27,-51.61
530,0000,22801,-0.64,6.23,7.60,0.19,1.50,-0.38,4.37,15.42,-51.23
531,0000,22812,-0.61,6.23,7.64,0.22,1.57,-0.27,4.18,15.76,-52.21
532,0000,22823,-0.62,6.21,7.63,0.16,1.61,-0.37,3.84,15.04,-52.50
533,0000,22834,-0.64,6.21,7.58,0.34,1.54,-0.17,3.99,15.59,-51.59
534,0000,22845,-0.65,6.25,7.59,0.13,1.34,-0.31,4.22,14.78,-52.47
535,0000,22856,-0.64,6.25,7.60,0.05,1.59,-0.47,4.43,15.27,-52.63
536,0000,22867,-0.66,6.23,7.56,0.08,1.70,-0.38,4.72,15.21,-52.28
537,0000,22878,-0.67,6.21,7.59,0.10,1.53,-0.33,4.33,15.21,-52.66
538,0000,22889,-0.59,6.20,7.63,0.31,1.48,-0.18,4.30,15.17,-52.81
539,0000,22900,-0.67,6.28,7.58,0.42,1.44,-0.55,4.21,15.08,-52.31
540,0000,22911,-0.68,6.24,7.62,0.34,1.39,-0.40,3.99,15.13,-52.88
541,0000,22922,-0.62,6.25,7.63,0.18,1.57,-0.32,4.14,15.52,-52.46
542,0000,22933,-0.63,6.17,7.59,0.52,1.72,-0.14,4.94,15.61,-51.87
543,0000,22944,-0.65,6.20,7.57,0.43,1.54,-0.18,4.47,14.88,-52.21
544,0000,22955,-0.68,6.26,7.56,-0.05,1.59,-0.14,3.92,15.14,-52.57
545,0000,22966,-0.63,6.25,7.57,0.19,1.46,-0.31,4.14,15.84,-52.03
546,0000,22977,-0.62,6.23,7.59,0.33,1.64,-0.25,3.98,15.84,-52.06
547,0000,22988,-0.62,6.21,7.61,-0.13,1.51,-0.24,4.85,16.02,-52.28
548,0000,22999,-0.63,6.23,7.58,0.32,1.49,-0.22,3.84,16.03,-52.28
549,0000,23010,-0.63,6.21,7.59,0.01,1.49,-0.37,3.80,15.62,-53.00
550,0000,23021,-0.63,6.25,7.59,0.28,1.58,-0.37,3.61,15.21,-52.76
551,0000,23032,-0.67,6.24,7.56,0.23,1.39,-0.24,4.03,15.68,-52.41
552,0000,23043,-0.66,6.21,7.56,0.20,1.52,-0.46,4.22,15.58,-52.89
553,0000,23054,-0.63,6.24,7.58,0.17,1.55,-0.42,4.56,15.32,-52.40
554,0000,23065,-0.64,6.21,7.58,0.04,1.46,-0.45,4.24,15.55,-52.54
555,0000,23076,-0.63,6.26,7.53,0.04,1.44,-0.41,3.95,15.74,-52.69
556,0000,23087,-0.63,6.23,7.61,0.22,1.39,-0.28,4.84,15.59,-52.65
557,0000,23098,-0.66,6.22,7.60,0.08,1.41,-0.52,3.86,16.03,-53.30
558,0000,23109,-0.68,6.20,7.54,0.17,1.35,-0.48,3.77,15.46,-53.22
559,0000,23120,-0.67,6.21,7.56,0.04,1.59,-0.31,4.17,15.84,-52.56
560,0000,23143,-0.69,6.21,7.53,0.18,1.58,-0.33,4.33,15.80,-52.54
561,0000,23154,-0.69,6.15,7.53,-0.04,1.47,-0.36,4.90,15.93,-52.24
562,0000,23165,-0.62,6.23,7.60,-0.04,1.45,-0.40,4.03,15.58,-52.29
563,0000,23176,-0.65,6.22,7.57,0.10,1.27,-0.56,4.25,15.70,-52.16
564,0000,23187,-0.64,6.27,7.54,0.25,1.47,-0.44,4.68,15.46,-52.25
565,0000,23198,-0.68,6.26,7.56,0.04,1.44,-0.56,4.34,15.74,-52.28
566,0000,23209,-0.69,6.28,7.57,0.32,1.40,-0.43,4.24,15.70,-52.67
567,0000,23220,-0.65,6.26,7.60,0.16,1.34,-0.40,4.65,15.67,-51.97
568,0000,23231,-0.59,6.24,7.69,0.15,1.68,-0.52,4.14,15.65,-52.24
569,0000,23242,-0.61,6.24,7.63,0.15,1.57,-0.24,3.87,15.54,-52.88
570,0000,23253,-0.62,6.19,7.59,0.06,1.59,-0.39,4.31,15.80,-52.50
571,0000,23264,-0.64,6.22,7.60,-0.03,1.50,-0.29,4.03,15.58,-53.27
572,0000,23275,-0.58,6.19,7.61,0.29,1.55,-0.10,3.76,15.54,-53.20
573,0000,23286,-0.59,6.24,7.65,0.30,1.53,-0.51,4.18,15.78,-52.75
574,0000,23297,-0.59,6.22,7.62,0.29,1.50,-0.12,4.71,15.89,-52.76
575,0000,23308,-0.59,6.21,7.61,0.33,1.47,-0.31,4.30,15.70,-53.10
576,0000,23319,-0.66,6.26,7.56,-0.04,1.30,-0.28,4.17,15.70,-53.03
577,0000,23330,-0.66,6.25,7.54,0.10,1.43,-0.42,3.95,15.84,-52.38
578,0000,23341,-0.62,6.26,7.58,0.01,1.61,-0.37,4.05,15.24,-53.00
579,0000,23352,-0.64,6.17,7.61,0.34,1.37,-0.33,4.43,15.61,-52.89
580,0000,23363,-0.62,6.18,7.63,0.11,1.47,-0.42,4.37,15.32,-53.11
581,0000,23374,-0.64,6.27,7.59,0.09,1.57,-0.45,4.00,15.36,-53.54
582,0000,23385,-0.68,6.20,7.56,0.20,1.56,-0.29,4.09,15.64,-53.64
583,0000,23396,-0.62,6.22,7.58,-0.04,1.50,-0.50,3.73,15.65,-53.41
584,0000,23407,-0.57,6.20,7.64,0.26,1.36,-0.57,4.05,15.32,-53.51
585,0000,23418,-0.58,6.18,7.59,0.17,1.52,-0.41,4.11,15.65,-53.13
586,0000,23429,-0.66,6.25,7.59,-0.08,1.57,-0.44,4.17,15.27,-53.48
587,0000,23440,-0.60,6.31,7.59,0.08,1.43,-0.40,4.43,15.27,-53.54
588,0000,23451,-0.62,6.27,7.58,0.13,1.50,-0.68,4.50,15.78,-53.17
589,0000,23462,-0.64,6.20,7.59,0.04,1.43,-0.39,4.46,15.71,-52.48
590,0000,23473,-0.63,6.26,7.59,0.06,1.51,-0.20,3.73,15.32,-53.49
591,0000,23484,-0.69,6.23,7.57,-0.08,1.47,-0.51,3.93,15.65,-52.75
592,0000,23495,-0.66,6.23,7.56,0.11,1.52,-0.45,4.15,15.40,-53.49
593,0000,23506,-0.63,6.24,7.60,0.08,1.52,-0.42,4.34,15.49,-53.29
594,0000,23517,-0.64,6.21,7.59,0.17,1.53,-0.43,3.99,15.20,-52.85
595,0000,23528,-0.64,6.24,7.56,0.45,1.57,-0.23,4.50,15.70,-53.33
596,0000,23539,-0.65,6.24,7.59,0.13,1.41,-0.45,4.00,15.36,-53.61
597,0000,23550,-0.64,6.26,7.58,0.12,1.49,-0.29,4.95,16.21,-52.38
598,0000,23561,-0.67,6.22,7.52,0.08,1.63,-0.32,4.09,15.49,-53.27
599,0000,23572,-0.64,6.26,7.59,0.03,1.57,-0.45,4.15,15.55,-53.33
600,0000,23583,-0.63,6.17,7.59,0.20,1.55,-0.24,3.96,15.57,-52.79
601,0000,23594,-0.63,6.18,7.59,0.11,1.64,-0.38,3.79,15.55,-52.94
602,0000,23605,-0.61,6.25,7.58,0.28,1.34,-0.28,3.89,15.77,-53.42
603,0000,23616,-0.62,6.23,7.64,0.15,1.44,-0.53,3.83,16.09,-53.01
604,0000,23627,-0.62,6.23,7.58,0.35,1.54,-0.31,3.64,15.13,-53.05
605,0000,23638,-0.57,6.22,7.67,0.26,1.54,-0.45,4.06,16.09,-52.86
606,0000,23649,-0.61,6.21,7.63,0.42,1.54,-0.23,4.03,16.05,-52.97
607,0000,23660,-0.68,6.27,7.55,0.28,1.59,-0.25,4.11,15.30,-52.50
608,0000,23671,-0.65,6.25,7.55,0.39,1.71,-0.22,4.40,15.46,-53.23
609,0000,23682,-0.64,6.24,7.55,0.19,1.60,-0.31,4.08,16.05,-52.69
610,0000,23693,-0.63,6.22,7.54,0.43,1.46,-0.26,3.74,15.74,-53.07
611,0000,23704,-0.67,6.22,7.54,0.11,1.40,-0.31,3.92,15.83,-52.91
612,0000,23715,-0.66,6.20,7.61,0.32,1.55,-0.24,3.51,15.35,-52.78
613,0000,23726,-0.62,6.27,7.58,0.45,1.61,-0.32,3.84,15.10,-52.76
614,0000,23737,-0.62,6.25,7.56,0.20,1.58,-0.45,4.14,15.62,-52.69
615,0000,23748,-0.62,6.21,7.63,0.08,1.49,-0.31,3.99,15.71,-53.36
616,0000,23759,-0.66,6.22,7.58,0.45,1.58,-0.17,3.83,15.32,-53.54
617,0000,23770,-0.66,6.16,7.54,0.31,1.64,-0.33,4.46,15.32,-53.27
618,0000,23781,-0.66,6.27,7.55,0.16,1.43,-0.17,4.76,15.64,-53.05
619,0000,23792,-0.62,6.25,7.58,0.15,1.47,-0.28,4.53,15.08,-53.64
620,0000,23803,-0.59,6.22,7.60,0.30,1.39,-0.16,4.38,15.67,-53.07
621,0000,23814,-0.63,6.23,7.63,0.22,1.47,-0.22,4.78,15.95,-52.62
622,0000,23837,-0.63,6.22,7.58,0.09,1.44,-0.19,4.62,16.16,-52.84
623,0000,23848,-0.68,6.24,7.56,0.21,1.71,-0.38,4.65,15.71,-52.65
624,0000,23859,-0.67,6.24,7.57,0.25,1.50,-0.54,4.38,15.01,-53.30
625,0000,23870,-0.68,6.25,7.56,0.13,1.57,-0.45,4.94,15.30,-52.50
626,0000,23881,-0.63,6.22,7.62,0.24,1.64,-0.42,4.21,15.77,-52.25
627,0000,23892,-0.57,6.24,7.62,0.12,1.71,-0.45,4.49,15.46,-52.38
628,0000,23903,-0.65,6.23,7.58,0.12,1.69,-0.11,5.13,15.29,-52.79
629,0000,23914,-0.66,6.25,7.58,0.32,1.44,-0.36,4.34,15.57,-53.01
630,0000,23925,-0.62,6.23,7.55,-0.02,1.64,-0.57,4.37,15.39,-53.05
631,0000,23936,-0.61,6.23,7.63,0.08,1.42,-0.47,4.78,15.32,-53.03
632,0000,23947,-0.65,6.24,7.58,0.22,1.52,-0.48,4.27,16.00,-52.27
633,0000,23958,-0.64,6.22,7.60,0.16,1.60,-0.51,4.57,15.36,-52.76
634,0000,23969,-0.64,6.24,7.59,0.24,1.20,-0.31,4.69,15.52,-53.03
635,0000,23980,-0.70,6.22,7.55,0.07,1.43,-0.43,4.05,15.97,-52.85
636,0000,23991,-0.60,6.22,7.59,0.20,1.50,-0.38,4.31,15.43,-53.24
637,0000,24002,-0.67,6.20,7.61,0.22,1.66,-0.18,4.49,15.43,-53.14
638,0000,24013,-0.66,6.20,7.57,0.39,1.48,-0.42,3.89,15.51,-52.32
639,0000,24024,-0.65,6.21,7.59,0.16,1.71,-0.40,4.47,15.21,-53.61
640,0000,24035,-0.65,6.24,7.60,0.33,1.50,-0.16,4.38,15.70,-52.62
641,0000,24046,-0.63,6.26,7.54,0.21,1.28,-0.43,4.91,15.11,-53.07
642,0000,24057,-0.61,6.17,7.53,0.16,1.42,-0.58,4.11,15.17,-53.16
643,0000,24068,-0.62,6.22,7.59,0.08,1.60,-0.49,4.53,15.81,-53.49
644,0000,24079,-0.61,6.18,7.59,0.06,1.60,-0.55,4.68,15.29,-53.16
645,0000,24090,-0.64,6.27,7.58,0.00,1.59,-0.52,4.08,15.13,-53.14
646,0000,24101,-0.63,6.23,7.59,0.21,1.56,-0.37,4.15,14.89,-53.05
647,0000,24112,-0.66,6.18,7.60,0.43,1.57,-0.18,3.90,14.62,-52.81
648,0000,24123,-0.61,6.20,7.58,0.25,1.44,-0.49,3.92,15.38,-53.00
649,0000,24134,-0.62,6.20,7.58,0.31,1.60,-0.35,4.22,15.30,-53.30
650,0000,24145,-0.68,6.26,7.55,0.24,1.50,-0.31,4.18,14.85,-52.28
651,0000,24156,-0.66,6.25,7.51,-0.04,1.53,-0.38,4.30,14.88,-52.73
652,0000,24167,-0.60,6.29,7.60,0.06,1.47,-0.34,4.60,15.08,-52.53
653,0000,24178,-0.66,6.19,7.59,0.07,1.52,-0.17,3.80,15.20,-52.57
654,0000,24189,-0.63,6.17,7.58,0.09,1.43,-0.38,3.96,15.10,-53.03
655,0000,24200,-0.68,6.27,7.56,0.23,1.29,-0.36,4.11,15.23,-52.63
656,0000,24211,-0.69,6.26,7.55,0.19,1.37,-0.19,3.73,14.69,-52.38
657,0000,24222,-0.63,6.22,7.56,0.35,1.47,-0.38,4.00,14.91,-53.60
658,0000,24233,-0.65,6.19,7.61,0.10,1.69,-0.45,4.03,15.46,-53.11
659,0000,24244,-0.65,6.21,7.58,0.49,1.57,-0.14,4.03,14.92,-53.62
660,0000,24255,-0.70,6.28,7.52,0.14,1.46,-0.21,3.74,14.73,-54.11
661,0000,24266,-0.60,6.26,7.54,0.19,1.42,-0.41,3.76,14.95,-53.65
662,0000,24277,-0.62,6.25,7.60,0.21,1.64,-0.43,3.65,14.97,-53.67
663,0000,24288,-0.63,6.18,7.59,0.34,1.60,-0.15,3.74,15.24,-53.10
664,0000,24299,-0.60,6.22,7.60,0.33,1.56,-0.52,4.15,15.20,-53.07
665,0000,24310,-0.68,6.22,7.57,0.24,1.65,-0.45,4.11,14.54,-54.06
666,0000,24321,-0.63,6.22,7.59,0.16,1.48,-0.31,4.11,15.20,-53.11
667,0000,24332,-0.68,6.22,7.54,0.27,1.45,-0.29,4.43,15.26,-52.38
668,0000,24343,-0.65,6.21,7.61,0.27,1.54,-0.41,3.99,15.42,-52.91
669,0000,24354,-0.62,6.24,7.62,0.16,1.62,-0.43,4.28,15.26,-53.36
670,0000,24365,-0.62,6.20,7.57,0.09,1.44,-0.33,4.14,15.17,-53.33
671,0000,24376,-0.62,6.28,7.64,0.05,1.50,-0.19,4.09,14.91,-53.62
672,0000,24387,-0.66,6.25,7.58,0.38,1.57,-0.31,4.05,15.19,-53.35
673,0000,24398,-0.60,6.23,7.65,0.13,1.48,-0.51,4.22,15.17,-54.09
674,0000,24409,-0.63,6.19,7.57,0.31,1.64,-0.43,4.09,14.45,-54.17
675,0000,24420,-0.66,6.19,7.57,0.16,1.40,-0.52,3.86,14.63,-53.01
676,0000,24431,-0.66,6.25,7.55,0.27,1.62,-0.33,3.93,15.08,-52.67
677,0000,24442,-0.67,6.21,7.55,0.23,1.40,-0.36,3.84,14.89,-53.43
678,0000,24453,-0.64,6.20,7.57,0.23,1.41,-0.36,4.00,15.08,-53.87
679,0000,24464,-0.61,6.20,7.60,0.25,1.49,-0.37,4.00,14.83,-53.16
680,0000,24475,-0.61,6.21,7.62,0.06,1.62,-0.01,4.19,14.94,-53.19
681,0000,24486,-0.62,6.22,7.57,0.25,1.61,-0.38,4.56,15.38,-52.97
682,0000,24497,-0.63,6.27,7.58,-0.05,1.47,-0.59,4.72,15.16,-52.27
683,0000,24508,-0.60,6.30,7.58,0.14,1.50,-0.37,4.50,15.08,-52.56
684,0000,24531,-0.67,6.22,7.57,0.34,1.51,-0.41,4.31,15.36,-53.17
685,0000,24542,-0.62,6.27,7.59,0.32,1.53,-0.34,3.87,15.02,-52.44
686,0000,24553,-0.67,6.17,7.58,0.07,1.53,-0.24,3.76,15.02,-52.76
687,0000,24564,-0.66,6.21,7.60,0.35,1.73,-0.38,4.15,14.63,-52.95
688,0000,24575,-0.64,6.23,7.59,0.29,1.67,-0.38,4.17,14.78,-53.74
689,0000,24586,-0.57,6.22,7.67,0.33,1.56,-0.32,3.99,14.67,-53.43
690,0000,24597,-0.60,6.24,7.62,0.41,1.51,-0.52,4.37,14.98,-52.35
691,0000,24608,-0.64,6.19,7.53,0.27,1.53,-0.36,4.44,14.73,-52.65
692,0000,24619,-0.68,6.25,7.55,0.08,1.47,-0.42,4.37,14.94,-53.01
693,0000,24630,-0.70,6.25,7.53,0.03,1.58,-0.36,3.54,15.13,-52.95
694,0000,24641,-0.60,6.23,7.62,0.28,1.48,-0.23,3.83,15.19,-52.67
695,0000,24652,-0.62,6.20,7.63,0.04,1.41,-0.25,4.09,15.43,-53.35
696,0000,24663,-0.58,6.17,7.66,0.03,1.52,-0.47,4.28,15.26,-53.26
697,0000,24674,-0.63,6.23,7.57,0.40,1.65,-0.17,4.31,15.00,-52.51
698,0000,24685,-0.62,6.22,7.60,0.32,1.50,-0.49,4.41,15.54,-52.76
699,0000,24696,-0.58,6.25,7.64,0.24,1.55,-0.21,3.62,15.40,-52.15
700,0000,24707,-0.60,6.20,7.56,0.45,1.62,-0.46,4.36,15.20,-53.24
701,0000,24718,-0.61,6.23,7.63,0.18,1.63,-0.30,3.99,15.04,-53.30
702,0000,24729,-0.70,6.23,7.58,-0.06,1.50,-0.43,4.14,14.92,-53.83
703,0000,24740,-0.67,6.21,7.58,0.19,1.43,-0.20,4.41,15.32,-53.26
704,0000,24751,-0.64,6.27,7.54,0.01,1.43,-0.18,4.22,15.43,-53.33
705,0000,24762,-0.61,6.19,7.60,0.05,1.55,-0.45,4.21,15.00,-52.82
706,0000,24773,-0.62,6.23,7.57,0.26,1.60,-0.36,4.56,14.67,-52.91
707,0000,24784,-0.67,6.20,7.57,0.17,1.24,-0.35,4.50,14.81,-53.62
708,0000,24795,-0.63,6.29,7.60,0.24,1.27,-0.30,3.89,14.85,-52.82
709,0000,24806,-0.65,6.23,7.57,0.42,1.46,-0.33,4.53,14.60,-53.16
710,0000,24817,-0.63,6.17,7.57,0.30,1.39,-0.46,4.50,15.17,-52.21
711,0000,24828,-0.57,6.22,7.65,0.52,1.43,-0.38,3.74,15.24,-53.30
712,0000,24839,-0.61,6.20,7.57,0.09,1.55,-0.28,3.95,15.23,-52.81
713,0000,24850,-0.61,6.26,7.61,0.33,1.39,-0.41,4.18,15.39,-52.50
714,0000,24861,-0.59,6.21,7.62,0.28,1.39,-0.29,3.95,15.04,-52.85
715,0000,24872,-0.63,6.25,7.61,0.25,1.45,-0.45,4.24,14.48,-52.92
716,0000,24883,-0.70,6.21,7.55,0.29,1.71,-0.32,4.27,15.46,-53.36
717,0000,24894,-0.62,6.22,7.60,0.28,1.32,-0.44,3.99,15.32,-53.55
718,0000,24905,-0.66,6.24,7.57,0.20,1.58,-0.45,3.98,15.36,-53.03
719,0000,24916,-0.69,6.22,7.56,0.25,1.43,-0.31,4.12,15.10,-52.43
720,0000,24927,-0.69,6.24,7.55,0.23,1.43,-0.04,4.06,15.07,-53.45
721,0000,24938,-0.67,6.22,7.56,0.28,1.48,-0.39,4.18,14.94,-53.46
722,0000,24949,-0.65,6.22,7.59,0.05,1.64,-0.44,3.83,15.46,-53.41
723,0000,24960,-0.65,6.24,7.56,0.19,1.60,-0.57,4.28,14.56,-53.93
724,0000,24971,-0.68,6.30,7.56,0.27,1.44,-0.23,3.84,14.78,-53.71
725,0000,24982,-0.63,6.25,7.54,-0.07,1.50,-0.40,4.50,15.24,-53.10
726,0000,24993,-0.62,6.22,7.64,0.31,1.40,-0.39,4.05,14.91,-54.17
727,0000,25004,-0.60,6.23,7.63,0.38,1.64,-0.39,4.00,14.73,-54.25
728,0000,25015,-0.67,6.21,7.60,0.27,1.55,-0.58,4.27,15.05,-53.90
729,0000,25026,-0.65,6.26,7.55,0.10,1.50,-0.37,3.81,14.78,-53.64
730,0000,25037,-0.64,6.24,7.59,0.10,1.43,-0.26,4.30,15.00,-53.89
731,0000,25048,-0.70,6.21,7.52,0.20,1.36,-0.38,4.37,15.43,-53.30
732,0000,25059,-0.62,6.22,7.58,0.37,1.35,-0.26,3.95,15.16,-53.19
733,0000,25070,-0.63,6.20,7.61,0.38,1.52,-0.44,3.90,15.45,-53.79
734,0000,25081,-0.65,6.25,7.55,0.27,1.40,-0.37,3.99,15.08,-53.07
735,0000,25092,-0.69,6.25,7.55,0.17,1.43,-0.24,3.98,15.17,-53.51
736,0000,25103,-0.63,6.27,7.60,0.23,1.63,-0.31,4.06,15.73,-53.62
737,0000,25114,-0.65,6.22,7.57,0.25,1.53,-0.55,3.96,15.26,-52.73
738,0000,25125,-0.62,6.21,7.57,0.01,1.46,-0.44,3.70,15.01,-53.33
739,0000,25136,-0.61,6.24,7.60,0.31,1.55,-0.20,4.53,15.05,-53.11
740,0000,25147,-0.69,6.20,7.55,0.12,1.43,-0.40,3.68,15.07,-53.30
741,0000,25158,-0.66,6.22,7.57,0.29,1.36,-0.20,4.18,15.19,-53.55
742,0000,25169,-0.65,6.18,7.63,0.12,1.57,-0.36,4.37,15.64,-53.41
743,0000,25180,-0.64,6.21,7.63,0.36,1.32,-0.16,4.40,15.33,-53.45
744,0000,25191,-0.66,6.25,7.56,0.38,1.47,-0.14,4.18,15.27,-53.54
745,0000,25202,-0.62,6.27,7.59,0.36,1.43,-0.29,4.00,15.29,-52.59
746,0000,25225,-0.65,6.25,7.59,0.03,1.54,-0.52,3.84,15.42,-52.84
747,0000,25236,-0.63,6.20,7.61,0.32,1.51,-0.41,4.21,15.19,-52.06
748,0000,25247,-0.60,6.26,7.64,0.09,1.56,-0.42,4.05,15.59,-52.95
749,0000,25258,-0.65,6.18,7.56,0.27,1.47,-0.44,4.09,14.91,-52.48
750,0000,25269,-0.65,6.23,7.58,0.33,1.55,-0.39,3.80,15.30,-52.46
751,0000,25280,-0.60,6.25,7.58,0.31,1.42,-0.38,4.06,15.24,-52.76
752,0000,25291,-0.62,6.20,7.63,0.22,1.72,-0.49,3.74,15.02,-52.88
753,0000,25302,-0.63,6.21,7.58,0.17,1.43,-0.37,3.93,15.39,-52.91
754,0000,25313,-0.65,6.18,7.59,0.17,1.56,-0.45,3.87,15.16,-52.78
755,0000,25324,-0.67,6.23,7.55,0.00,1.51,-0.52,3.41,14.76,-53.14
756,0000,25335,-0.68,6.22,7.58,0.24,1.43,-0.42,3.93,15.49,-52.78
757,0000,25346,-0.62,6.27,7.57,-0.05,1.52,-0.47,4.00,15.55,-53.11
758,0000,25357,-0.66,6.20,7.61,0.04,1.36,-0.33,3.62,15.24,-53.46
759,0000,25368,-0.63,6.19,7.59,0.13,1.43,-0.52,3.83,15.32,-53.00
760,0000,25379,-0.63,6.19,7.60,-0.04,1.30,-0.59,4.19,15.23,-52.48
761,0000,25390,-0.60,6.22,7.65,0.16,1.64,-0.45,4.18,15.65,-53.10
762,0000,25401,-0.70,6.26,7.54,0.38,1.60,-0.55,4.30,15.86,-53.10
763,0000,25412,-0.58,6.22,7.63,0.31,1.24,-0.25,3.60,15.23,-52.78
764,0000,25423,-0.57,6.24,7.65,0.21,1.55,-0.47,3.57,15.01,-53.01
765,0000,25434,-0.62,6.19,7.60,0.34,1.39,-0.32,4.12,15.58,-52.79
766,0000,25445,-0.66,6.14,7.56,0.24,1.48,-0.27,3.89,15.67,-52.82
767,0000,25456,-0.67,6.24,7.53,0.25,1.60,-0.27,4.05,15.65,-53.33
768,0000,25467,-0.64,6.21,7.60,0.17,1.62,-0.35,3.86,15.51,-52.69
769,0000,25478,-0.57,6.22,7.63,0.33,1.59,-0.24,3.93,15.36,-52.97
770,0000,25489,-0.64,6.17,7.58,0.33,1.62,-0.31,4.12,15.46,-53.52
771,0000,25500,-0.63,6.25,7.58,0.35,1.44,-0.33,4.19,15.71,-53.27
772,0000,25511,-0.68,6.26,7.52,0.07,1.63,-0.34,4.28,15.61,-53.05
773,0000,25522,-0.62,6.19,7.59,0.10,1.53,-0.37,4.08,15.59,-53.36
774,0000,25533,-0.64,6.16,7.58,0.41,1.43,-0.35,4.02,16.03,-53.38
775,0000,25544,-0.58,6.19,7.62,0.25,1.45,-0.32,3.92,15.77,-52.66
776,0000,25555,-0.66,6.26,7.57,0.17,1.49,-0.53,4.28,15.87,-53.05
777,0000,25566,-0.68,6.21,7.60,0.29,1.60,-0.37,3.96,15.71,-52.94
778,0000,25577,-0.64,6.27,7.56,0.16,1.49,-0.49,3.64,15.99,-52.70
779,0000,25588,-0.67,6.21,7.59,0.16,1.41,-0.46,3.74,15.80,-52.89
780,0000,25599,-0.65,6.19,7.63,0.11,1.43,-0.37,3.86,15.46,-53.00
781,0000,25610,-0.66,6.20,7.53,0.38,1.32,-0.51,4.28,15.99,-51.97
782,0000,25621,-0.60,6.27,7.59,0.04,1.56,-0.49,3.95,15.43,-52.81
783,0000,25632,-0.62,6.29,7.62,0.03,1.63,-0.48,3.79,15.65,-52.48
784,0000,25643,-0.62,6.20,7.62,0.10,1.50,-0.31,3.93,15.45,-53.11
785,0000,25654,-0.63,6.23,7.58,0.31,1.61,-0.50,4.28,15.67,-52.86
786,0000,25665,-0.64,6.22,7.58,0.37,1.58,-0.41,4.50,15.35,-52.73
787,0000,25676,-0.64,6.22,7.56,0.32,1.53,-0.38,4.05,15.33,-53.00
788,0000,25687,-0.66,6.23,7.57,0.03,1.47,-0.33,4.52,15.59,-53.67
789,0000,25698,-0.68,6.22,7.56,0.14,1.39,-0.47,4.43,15.64,-52.44
790,0000,25709,-0.66,6.25,7.58,0.05,1.44,-0.33,3.95,15.16,-53.24
791,0000,25720,-0.66,6.20,7.59,0.23,1.62,-0.38,4.43,15.24,-53.04
792,0000,25731,-0.63,6.26,7.57,0.08,1.52,-0.46,3.99,15.20,-52.44
793,0000,25742,-0.63,6.22,7.55,0.39,1.57,-0.37,4.05,14.73,-53.49
794,0000,25753,-0.65,6.21,7.60,0.23,1.39,-0.34,4.24,15.24,-53.04
795,0000,25764,-0.63,6.19,7.59,-0.04,1.35,-0.38,4.12,14.91,-52.91
796,0000,25775,-0.65,6.19,7.58,0.33,1.66,-0.32,3.96,14.86,-53.36
797,0000,25786,-0.63,6.25,7.59,0.05,1.57,-0.45,4.44,14.91,-53.10
798,0000,25797,-0.66,6.25,7.55,0.46,1.44,-0.44,3.57,14.92,-53.07
799,0000,25808,-0.66,6.28,7.57,0.17,1.48,-0.29,3.83,14.92,-53.42
800,0000,25819,-0.65,6.23,7.58,-0.01,1.35,-0.29,4.34,15.05,-53.16
801,0000,25830,-0.63,6.23,7.63,0.21,1.46,-0.45,4.06,14.82,-52.76
802,0000,25841,-0.60,6.20,7.63,0.14,1.42,-0.39,3.96,15.02,-53.51
803,0000,25852,-0.64,6.20,7.58,0.32,1.50,-0.24,4.37,15.51,-53.27
804,0000,25863,-0.62,6.28,7.56,0.04,1.43,-0.49,4.15,15.20,-52.69
805,0000,25874,-0.65,6.20,7.57,0.56,1.61,-0.19,4.15,15.30,-53.04
806,0000,25885,-0.60,6.21,7.58,0.09,1.40,-0.40,4.87,16.02,-52.81
807,0000,25896,-0.56,6.22,7.63,0.38,1.77,-0.45,4.69,14.88,-52.28
808,0000,25919,-0.61,6.21,7.59,0.30,1.55,-0.24,4.79,15.35,-53.07
809,0000,25930,-0.66,6.25,7.52,0.10,1.46,-0.40,4.40,15.39,-53.55
810,0000,25941,-0.66,6.25,7.55,2.23,1.50,-0.31,4.82,15.26,-53.86
811,0000,25952,-0.65,6.25,7.60,0.22,1.43,-0.21,4.49,15.39,-52.76
812,0000,25963,-0.65,6.22,7.56,0.19,1.43,-0.24,4.03,15.49,-52.89
813,0000,25974,-0.63,6.22,7.58,-0.06,1.32,-0.43,4.33,14.91,-53.14
814,0000,25985,-0.65,6.20,7.60,0.17,1.42,-0.38,4.12,15.43,-53.07
815,0000,25996,-0.60,6.24,7.60,0.17,1.39,-0.49,4.72,15.46,-53.26
816,0000,26007,-0.63,6.19,7.57,0.27,1.42,-0.42,4.44,15.13,-53.51
817,0000,26018,-0.62,6.18,7.62,0.27,1.47,-0.39,4.49,15.40,-52.86
818,0000,26029,-0.62,6.23,7.59,0.05,1.58,-0.41,4.31,15.48,-53.00
819,0000,26040,-0.65,6.24,7.60,0.13,1.63,-0.46,4.17,14.98,-53.42
820,0000,26051,-0.67,6.25,7.55,0.10,1.50,-0.35,4.43,15.77,-53.08
821,0000,26062,-0.64,6.23,7.58,0.19,1.48,-0.31,4.50,15.46,-53.20
822,0000,26073,-0.61,6.23,7.64,0.30,1.34,-0.11,4.52,15.21,-53.41
823,0000,26084,-0.64,6.19,7.61,0.10,1.44,-0.40,4.46,15.10,-52.79
824,0000,26095,-0.65,6.19,7.62,0.25,1.32,-0.22,4.50,15.99,-52.65
825,0000,26106,-0.61,6.22,7.59,0.34,1.57,-0.43,4.47,15.49,-52.75
826,0000,26117,-0.67,6.21,7.58,0.31,1.51,-0.57,4.71,15.74,-52.31
827,0000,26128,-0.68,6.22,7.56,0.24,1.50,-0.50,4.30,15.48,-52.86
828,0000,26139,-0.64,6.21,7.62,0.23,1.45,-0.23,4.00,15.43,-52.98
829,0000,26150,-0.60,6.26,7.58,0.31,1.50,-0.38,3.96,16.02,-52.75
830,0000,26161,-0.64,6.24,7.58,0.17,1.34,-0.47,4.38,15.42,-52.78
831,0000,26172,-0.64,6.27,7.55,0.34,1.33,-0.37,3.89,15.35,-52.67
832,0000,26183,-0.64,6.29,7.57,0.07,1.43,-0.39,4.49,15.58,-52.51
833,0000,26194,-0.65,6.22,7.58,0.18,1.53,-0.28,4.55,15.76,-52.70
834,0000,26205,-0.68,6.22,7.58,0.21,1.50,-0.37,4.82,15.57,-52.57
835,0000,26216,-0.64,6.20,7.59,0.19,1.36,-0.32,4.46,16.12,-53.23
836,0000,26227,-0.67,6.30,7.59,0.49,1.35,-0.29,4.38,16.11,-53.01
837,0000,26238,-0.68,6.19,7.60,0.15,1.46,-0.31,4.59,15.86,-52.35
838,0000,26249,-0.62,6.23,7.65,0.33,1.43,-0.44,4.63,15.49,-53.10
839,0000,26260,-0.56,6.18,7.61,0.31,1.32,-0.49,3.90,15.61,-52.70
840,0000,26271,-0.64,6.19,7.63,0.08,1.64,-0.21,4.14,15.76,-52.82
841,0000,26282,-0.59,6.30,7.62,0.17,1.25,-0.35,3.62,15.67,-52.51
842,0000,26293,-0.62,6.22,7.59,2.20,1.58,-0.69,3.74,15.00,-53.24
843,0000,26304,-0.61,6.22,7.61,0.24,1.50,-0.49,4.09,15.77,-52.27
844,0000,26315,-0.62,6.21,7.64,0.20,1.61,-0.44,3.29,15.52,-52.79
845,0000,26326,-0.62,6.21,7.61,0.41,1.64,-0.35,3.43,15.07,-52.13
846,0000,26337,-0.64,6.23,7.58,0.24,1.57,-0.55,3.38,14.95,-52.51
847,0000,26348,-0.64,6.21,7.61,0.54,1.35,-0.42,3.57,15.49,-53.05
848,0000,26359,-0.61,6.20,7.64,0.15,1.60,-0.34,4.34,15.30,-53.03
849,0000,26370,-0.62,6.19,7.60,0.38,1.66,-0.31,4.36,15.59,-53.05
850,0000,26381,-0.57,6.22,7.59,0.18,1.43,-0.43,3.92,15.42,-53.08
851,0000,26392,-0.65,6.29,7.58,0.04,1.48,-0.45,3.76,15.58,-52.79
852,0000,26403,-0.72,6.26,7.55,0.25,1.57,-0.28,4.30,15.36,-53.77
853,0000,26414,-0.62,6.23,7.63,0.26,1.59,-0.64,4.31,15.54,-52.67
854,0000,26425,-0.63,6.19,7.60,0.40,1.75,-0.44,4.24,15.48,-52.60
855,0000,26436,-0.65,6.20,7.55,0.30,1.54,-0.49,4.52,15.36,-51.87
856,0000,26447,-0.66,6.17,7.56,0.21,1.52,-0.59,4.46,15.99,-51.33
857,0000,26458,-0.59,6.21,7.62,0.15,1.67,-0.32,4.03,15.10,-52.38
858,0000,26469,-0.68,6.19,7.54,-2.23,1.38,-0.28,4.50,15.65,-52.57
859,0000,26480,-0.72,6.17,7.55,0.29,1.42,-0.20,3.79,15.36,-52.53
860,0000,26491,-0.61,6.27,7.65,0.32,1.42,-0.37,4.14,15.71,-52.72
861,0000,26502,-0.70,6.22,7.55,0.38,1.52,-0.28,3.99,15.55,-52.37
862,0000,26513,-0.69,6.28,7.59,0.24,1.53,-0.39,3.83,15.40,-52.51
863,0000,26524,-0.62,6.24,7.63,0.05,1.47,-0.62,3.89,15.10,-52.15
864,0000,26535,-0.62,6.25,7.63,-0.04,1.52,-0.46,4.41,15.38,-52.46
865,0000,26546,-0.66,6.21,7.56,0.15,1.61,-0.39,4.30,15.39,-52.75
866,0000,26557,-0.64,6.23,7.62,0.09,1.49,-0.57,4.05,15.51,-52.82
867,0000,26568,-0.65,6.26,7.57,0.28,1.48,-0.62,4.24,15.67,-52.60
868,0000,26579,-0.68,6.25,7.56,0.09,1.60,-0.41,3.77,15.68,-52.76
869,0000,26590,-0.62,6.23,7.59,0.22,1.57,-0.37,4.41,15.43,-53.14
870,0000,26613,-0.63,6.19,7.61,0.47,1.47,-0.44,4.25,16.06,-53.04
871,0000,26624,-0.66,6.20,7.57,0.36,1.69,-0.27,3.96,15.52,-53.38
872,0000,26635,-0.61,6.20,7.57,0.63,1.56,-0.38,4.08,15.89,-52.86
873,0000,26646,-0.64,6.22,7.61,0.57,1.61,-0.14,3.89,15.67,-52.56
874,0000,26657,-0.62,6.20,7.61,0.36,1.50,-0.24,3.55,15.58,-52.81
875,0000,26668,-0.58,6.22,7.60,0.03,1.62,-0.36,4.09,15.93,-52.82
876,0000,26679,-0.65,6.21,7.58,0.38,1.71,-0.23,4.21,15.01,-52.25
877,0000,26690,-0.66,6.18,7.55,0.56,1.42,-0.31,4.17,15.32,-52.51
878,0000,26701,-0.62,6.26,7.60,0.27,1.57,-0.38,4.50,15.19,-52.60
879,0000,26712,-0.65,6.20,7.58,0.16,1.46,-0.29,3.95,15.14,-52.59
880,0000,26723,-0.64,6.20,7.63,0.19,1.46,-0.34,4.02,15.32,-53.08
881,0000,26734,-0.61,6.23,7.61,0.10,1.51,-0.38,4.63,15.48,-52.97
882,0000,26745,-0.64,6.24,7.62,0.26,1.70,-0.24,4.05,15.36,-52.85
883,0000,26756,-0.71,6.28,7.59,0.48,1.65,-0.53,4.14,15.58,-53.70
884,0000,26767,-0.65,6.23,7.55,-0.01,1.55,-0.56,4.06,15.76,-52.91
885,0000,26778,-0.60,6.23,7.61,0.45,1.71,-0.43,3.92,15.99,-52.91
886,0000,26789,-0.61,6.19,7.60,0.18,1.47,-0.10,4.22,15.45,-53.45
887,0000,26800,-0.59,6.19,7.61,0.14,1.57,-0.31,4.68,15.04,-53.17
888,0000,26811,-0.60,6.20,7.61,0.26,1.51,-0.22,3.98,15.58,-53.48
889,0000,26822,-0.65,6.18,7.57,0.40,1.50,-0.29,4.49,15.54,-53.62
890,0000,26833,-0.62,6.18,7.59,-0.04,1.47,-0.42,4.06,15.61,-53.03
891,0000,26844,-0.60,6.16,7.62,0.06,1.53,-0.36,3.86,15.68,-53.60
892,0000,26855,-0.60,6.20,7.59,0.04,1.43,-0.17,4.27,15.23,-54.28
893,0000,26866,-0.65,6.24,7.55,0.15,1.62,-0.38,4.12,15.23,-53.62
894,0000,26877,-0.65,6.28,7.64,0.31,1.27,-0.38,3.49,15.49,-53.39
895,0000,26888,-0.65,6.40,7.58,0.30,1.63,-0.31,3.92,14.79,-52.94
896,0000,26899,-0.64,6.18,7.62,0.24,1.47,-0.40,4.57,16.00,-52.47
897,0000,26910,-0.67,6.25,7.59,0.03,1.50,-0.33,3.98,15.48,-53.22
898,0000,26921,-0.66,6.24,7.62,0.17,1.56,-0.33,4.25,16.28,-53.76
899,0000,26932,-0.68,6.23,7.60,0.33,1.57,-0.22,4.44,15.83,-53.04
900,0000,26943,-0.66,6.19,7.62,0.52,1.43,-0.36,3.95,15.52,-53.79
901,0000,26954,-0.62,6.16,7.62,0.36,1.53,-0.33,3.87,16.12,-53.54
902,0000,26965,-0.59,6.23,7.67,0.35,1.75,-0.31,3.77,16.05,-52.81
903,0000,26976,-0.61,6.23,7.61,0.17,1.36,-0.31,3.49,15.39,-52.32
904,0000,26987,-0.61,6.27,7.63,-0.04,1.52,-0.52,4.28,15.81,-53.19
905,0000,26998,-0.67,6.21,7.59,0.55,1.50,-0.39,3.93,15.87,-52.82
906,0000,27009,-0.65,6.17,7.56,0.38,1.50,-0.30,3.79,15.24,-53.01
907,0000,27020,-0.60,6.08,7.48,0.18,1.54,-0.39,4.06,15.70,-52.95
908,0000,27031,-0.61,6.18,7.60,0.04,1.59,-0.10,3.64,15.57,-52.41
909,0000,27042,-0.60,6.15,7.59,-0.08,1.43,-0.17,3.77,15.00,-52.32
910,0000,27053,-0.60,6.23,7.67,-0.11,1.50,-0.06,4.37,15.23,-52.97
911,0000,27064,-0.66,6.23,7.57,-0.16,1.49,-0.41,3.81,15.39,-51.90
912,0000,27075,-0.68,6.27,7.57,0.24,1.38,-0.28,4.36,15.38,-52.73
913,0000,27086,-0.64,6.24,7.58,0.49,1.42,-0.24,4.59,15.38,-52.81
914,0000,27097,-0.70,6.32,7.66,0.13,1.50,-0.23,4.38,15.76,-52.13
915,0000,27108,-0.73,6.30,7.56,0.13,1.37,-0.31,3.90,15.04,-52.54
916,0000,27119,-0.65,6.32,7.58,-0.10,1.48,-0.38,4.66,15.89,-52.79
917,0000,27130,-0.68,6.25,7.56,0.10,1.25,-0.38,4.71,15.92,-52.47
918,0000,27141,-0.63,6.22,7.58,0.04,1.37,-0.34,4.40,15.65,-53.16
919,0000,27152,-0.59,6.18,7.65,0.19,1.52,-0.34,4.81,15.14,-52.63
920,0000,27163,-0.65,6.21,7.69,0.24,1.71,-0.28,3.99,15.81,-51.84
921,0000,27174,-0.70,6.24,7.58,0.11,1.54,-0.45,4.18,15.45,-52.43
922,0000,27185,-0.67,6.19,7.58,0.23,1.35,-0.33,4.41,15.46,-52.22
923,0000,27196,-0.64,6.18,7.53,0.33,1.27,-0.13,4.03,15.80,-52.40
924,0000,27207,-0.63,6.20,7.58,0.26,1.37,-0.12,4.03,15.23,-52.46
925,0000,27218,-0.64,6.25,7.61,-0.09,1.52,-0.19,4.09,15.76,-52.65
926,0000,27229,-0.69,6.25,7.57,-0.43,1.44,-0.44,4.65,15.51,-52.76
927,0000,27240,-0.61,6.17,7.49,0.10,1.53,-0.15,4.18,14.85,-52.91
928,0000,27251,-0.61,6.27,7.59,0.00,1.48,-0.40,4.47,15.23,-53.19
929,0000,27262,-0.63,6.23,7.63,0.61,1.57,-0.31,3.96,15.39,-52.82
930,0000,27273,-0.64,6.18,7.62,0.31,1.42,-0.20,4.24,15.84,-53.41
931,0000,27284,-0.62,6.20,7.59,-0.07,1.44,-0.31,4.31,15.67,-53.23
932,0000,27307,-0.61,6.23,7.65,0.50,1.41,-0.34,4.34,15.57,-52.84
933,0000,27318,-0.60,6.17,7.58,0.31,1.52,-0.35,4.49,15.77,-52.84
934,0000,27329,-0.60,6.25,7.59,0.13,1.64,-0.16,4.19,15.81,-52.85
935,0000,27340,-0.61,6.21,7.57,0.54,1.37,-0.22,3.95,15.68,-52.97
936,0000,27351,-0.67,6.21,7.59,-0.02,1.57,-0.52,3.90,16.05,-52.00
937,0000,27362,-0.61,6.28,7.59,-0.14,1.40,-0.19,4.12,16.22,-52.08
938,0000,27373,-0.67,6.17,7.62,0.25,1.54,-0.36,4.08,15.95,-52.72
939,0000,27384,-0.67,6.19,7.60,0.32,1.48,-0.30,4.21,15.93,-52.22
940,0000,27395,-0.65,6.29,7.70,0.16,1.47,-0.31,4.14,15.38,-52.69
941,0000,27406,-0.58,6.23,7.57,-0.08,1.56,-0.23,4.08,14.89,-52.89
942,0000,27417,-0.64,6.19,7.59,-0.03,1.61,-0.28,4.24,14.92,-52.76
943,0000,27428,-0.67,6.19,7.58,-0.28,1.62,-0.24,3.90,14.94,-53.45
944,0000,27439,-0.63,6.27,7.59,0.24,1.57,-0.34,4.08,15.24,-53.49
945,0000,27450,-0.63,6.18,7.62,0.71,1.46,-0.26,3.83,15.46,-52.81
946,0000,27461,-0.64,6.20,7.60,0.15,1.33,-0.38,3.61,14.79,-52.75
947,0000,27472,-0.64,6.24,7.62,-0.03,1.50,-0.49,3.93,15.02,-52.98
948,0000,27483,-0.64,6.21,7.60,-0.04,1.42,-0.41,4.19,15.84,-52.98
949,0000,27494,-0.63,6.26,7.57,-0.10,1.44,-0.38,3.96,15.96,-52.40
950,0000,27505,-0.59,6.21,7.60,0.45,1.46,-0.21,3.55,15.52,-53.00
951,0000,27516,-0.63,6.23,7.62,0.24,1.57,-0.29,3.35,15.74,-52.37
952,0000,27527,-0.64,6.20,7.62,0.42,1.55,-0.36,4.12,15.58,-53.13
953,0000,27538,-0.62,6.21,7.58,0.23,1.58,-0.49,4.19,15.67,-53.51
954,0000,27549,-0.63,6.21,7.59,0.02,1.46,-0.19,3.60,15.89,-53.39
955,0000,27560,-0.64,6.20,7.62,0.50,1.40,-0.21,4.18,15.83,-53.03
956,0000,27571,-0.64,6.24,7.61,0.19,1.47,-0.34,3.87,15.54,-53.39
957,0000,27582,-0.70,6.21,7.56,0.29,1.44,-0.30,4.05,15.68,-52.54
958,0000,27593,-0.71,6.23,7.52,0.10,1.51,-0.40,4.22,15.77,-53.00
959,0000,27604,-0.69,6.30,7.57,-0.25,1.47,-0.44,4.41,15.90,-52.85
960,0000,27615,-0.61,6.25,7.64,0.32,1.55,-0.14,3.86,15.87,-52.82
961,0000,27626,-0.63,6.24,7.65,0.22,1.68,-0.40,3.98,15.54,-53.76
962,0000,27637,-0.62,6.04,7.39,0.42,1.47,-0.10,4.09,15.51,-53.32
963,0000,27648,-0.60,6.26,7.62,0.25,1.48,-0.35,4.34,15.49,-53.10
964,0000,27659,-0.64,6.17,7.59,0.14,1.42,-0.32,4.09,15.36,-53.57
965,0000,27670,-0.58,6.23,7.68,-0.23,1.58,-0.12,3.71,15.29,-52.46
966,0000,27681,-0.60,6.24,7.70,0.23,1.52,-0.27,4.11,15.43,-52.56
967,0000,27692,-0.61,6.24,7.61,0.30,1.44,-0.19,4.12,15.48,-52.62
968,0000,27703,-0.69,6.27,7.58,0.09,1.50,-0.21,4.59,15.70,-52.48
969,0000,27714,-0.69,6.25,7.50,0.25,1.43,-0.48,4.33,15.78,-53.00
970,0000,27725,-0.63,6.14,7.50,0.29,1.37,-0.24,4.02,15.61,-52.63
971,0000,27736,-0.57,6.19,7.54,-0.08,1.51,-0.33,4.24,15.62,-51.86
972,0000,27747,-0.62,6.20,7.51,0.32,1.35,-0.37,4.18,15.20,-52.56
973,0000,27758,-0.63,6.22,7.62,0.15,1.37,-0.31,4.38,15.19,-52.48
974,0000,27769,-0.65,6.21,7.64,0.35,1.52,-0.37,4.46,15.00,-52.89
975,0000,27780,-0.65,6.23,7.63,0.28,1.53,-0.42,4.36,15.27,-53.64
976,0000,27791,-0.66,6.18,7.60,-0.04,1.43,-0.35,4.24,15.54,-52.98
977,0000,27802,-0.65,6.21,7.59,-0.07,1.43,-0.38,4.00,15.99,-53.26
978,0000,27813,-0.63,6.26,7.58,0.10,1.56,-0.33,4.08,15.61,-53.04
979,0000,27824,-0.68,6.25,7.56,0.04,1.18,-0.42,3.95,15.39,-53.26
980,0000,27835,-0.68,6.23,7.52,0.25,1.36,-0.25,3.86,15.96,-52.46
981,0000,27846,-0.61,6.20,7.63,0.19,1.46,-0.24,4.09,15.64,-52.98
982,0000,27857,-0.64,6.19,7.61,-0.08,1.35,-0.32,4.19,15.26,-53.54
983,0000,27868,-0.66,6.18,7.58,-0.07,1.30,-0.19,3.93,15.35,-54.00
984,0000,27879,-0.63,6.32,7.68,0.07,1.45,-0.19,3.57,15.51,-53.71
985,0000,27890,-0.64,6.22,7.63,0.19,1.35,-0.31,4.24,15.27,-53.51
986,0000,27901,-0.64,6.22,7.59,0.20,1.36,-0.31,4.44,15.76,-53.83
987,0000,27912,-0.63,6.22,7.58,0.35,1.55,-0.14,4.05,15.61,-52.98
988,0000,27923,-0.62,6.24,7.63,0.18,1.67,-0.17,3.89,15.24,-53.79
989,0000,27934,-0.69,6.29,7.59,-0.25,1.46,-0.11,4.41,15.58,-52.89
990,0000,27945,-0.63,6.29,7.57,-0.01,1.44,-0.33,4.14,15.42,-53.22
991,0000,27956,-0.63,6.30,7.62,0.41,1.36,-0.23,3.95,15.27,-53.62
992,0000,27967,-0.66,6.23,7.60,0.34,1.43,-0.37,3.95,15.39,-53.30
993,0000,27978,-0.69,6.22,7.53,0.22,1.48,-0.47,3.86,15.05,-53.16
994,0000,28001,-0.62,6.19,7.59,0.24,1.64,-0.38,4.28,15.38,-54.03
995,0000,28012,-0.63,6.19,7.60,0.36,1.56,-0.50,4.22,15.90,-53.65
996,0000,28023,-0.67,6.22,7.60,0.34,1.51,-0.34,4.22,15.33,-54.55
997,0000,28034,-0.61,6.21,7.65,0.34,1.43,-0.15,5.22,15.14,-53.57
998,0000,28045,-0.56,6.22,7.68,0.14,1.59,-0.30,4.21,15.51,-53.81
999,0000,28056,-0.61,6.21,7.63,-0.04,1.51,-0.34,3.83,15.01,-53.16
1000,0000,28067,-0.49,6.25,7.62,0.04,1.55,-0.31,3.71,15.24,-52.57
1001,0000,28078,-0.66,6.27,7.59,0.14,1.23,-0.38,3.89,14.97,-52.78
1002,0000,28089,-0.60,6.21,7.59,0.10,1.54,-0.27,4.21,14.44,-52.62
1003,0000,28100,-0.62,6.22,7.63,0.06,1.35,-0.14,4.00,14.95,-52.76
1004,0000,28111,-0.66,6.24,7.60,-0.10,1.43,-0.40,4.05,14.47,-53.33
1005,0000,28122,-0.70,6.27,7.53,0.18,1.33,-0.48,4.06,14.85,-53.39
1006,0000,28133,-0.71,6.30,7.57,-0.02,1.53,-0.35,4.05,15.19,-52.82
1007,0000,28144,-0.70,6.28,7.57,0.44,1.60,-0.16,3.42,15.32,-53.22
1008,0000,28155,-0.72,6.22,7.55,0.67,1.50,-0.34,4.53,14.89,-53.24
1009,0000,28166,-0.59,6.23,7.65,0.38,1.36,-0.35,3.96,14.91,-52.85
1010,0000,28177,-0.66,6.20,7.57,0.20,1.70,-0.38,3.81,14.78,-53.58
1011,0000,28188,-0.66,6.25,7.59,0.24,1.68,-0.24,4.59,15.38,-52.88
1012,0000,28199,-0.62,6.25,7.59,0.32,1.74,-0.24,4.55,15.65,-53.52
1013,0000,28210,-0.66,6.19,7.63,0.25,1.39,-0.40,4.08,15.42,-53.41
1014,0000,28221,-0.61,6.20,7.61,0.33,1.61,-0.33,4.55,15.62,-52.73
1015,0000,28232,-0.64,6.21,7.62,0.28,1.48,-0.47,4.17,15.80,-53.07
1016,0000,28243,-0.47,6.23,7.64,0.35,1.49,-0.38,4.30,15.20,-53.00
1017,0000,28254,-0.65,6.06,7.39,0.35,1.64,-0.38,4.53,15.23,-53.03
1018,0000,28265,-0.91,6.02,7.00,-0.08,1.23,-0.36,4.37,15.90,-52.32
1019,0000,28276,-1.01,6.04,7.00,0.54,1.34,-0.22,3.98,14.88,-53.67
1020,0000,28287,-0.84,6.37,7.72,1.06,1.54,-0.05,4.74,15.08,-53.29
1021,0000,28298,-0.61,6.26,7.67,0.84,1.58,-0.14,4.21,14.89,-52.98
1022,0000,28309,-0.59,6.23,7.69,0.01,1.46,-0.27,3.98,15.11,-52.94
