sampleCount, trigNum, sensorReadTime, ax, ay, az, gx, gy, gz, mx, my, mz 
0,0000,8697,-1.27,8.41,-5.01,2.07,1.82,-0.52,8.32,-6.43,-4.97
1,0000,8719,-1.30,8.36,-4.97,0.60,1.57,-0.51,8.74,-5.85,-5.04
2,0000,8729,-1.29,8.39,-5.02,-0.81,1.49,-0.56,8.86,-5.93,-5.57
3,0000,8739,-1.28,8.38,-4.99,-1.78,1.29,-0.53,9.09,-6.28,-4.60
4,0000,8749,-1.31,8.37,-5.10,-1.88,1.27,-0.68,8.81,-5.44,-4.30
5,0000,8759,-1.32,8.35,-5.13,-0.90,1.43,-0.64,8.70,-6.20,-5.33
6,0000,8769,-1.32,8.40,-5.13,0.43,1.39,-0.53,8.62,-5.41,-5.19
7,0000,8779,-1.35,8.36,-5.08,1.72,1.66,-0.55,8.43,-5.90,-4.52
8,0000,8789,-1.31,8.35,-5.03,1.85,1.68,-0.47,8.84,-6.12,-4.68
9,0000,8799,-1.32,8.36,-4.97,1.29,1.40,-0.36,8.49,-6.02,-5.35
10,0000,8809,-1.30,8.38,-4.96,0.11,1.74,-0.52,8.20,-6.72,-4.93
11,0000,8830,-1.32,8.39,-5.08,-1.65,1.23,-0.54,8.65,-6.46,-4.85
12,0000,8840,-1.32,8.38,-5.14,-0.98,1.28,-0.64,8.64,-6.65,-4.66
13,0000,8850,-1.30,8.40,-5.07,0.59,1.55,-0.71,8.45,-5.86,-4.75
14,0000,8860,-1.31,8.36,-5.09,1.78,1.70,-0.66,8.35,-6.72,-4.53
15,0000,8870,-1.31,8.36,-5.02,1.92,1.58,-0.42,8.92,-6.31,-5.44
16,0000,8880,-1.31,8.35,-4.96,0.93,1.70,-0.62,8.71,-5.76,-5.13
17,0000,8890,-1.29,8.33,-5.00,-0.57,1.35,-0.61,8.90,-6.18,-5.12
18,0000,8900,-1.29,8.36,-4.99,-1.71,1.39,-0.59,9.53,-5.61,-4.81
19,0000,8910,-1.27,8.38,-5.12,-2.06,1.14,-0.51,8.78,-6.27,-5.41
20,0000,8920,-1.34,8.36,-5.10,-0.52,1.51,-0.60,8.93,-6.09,-4.40
21,0000,8941,-1.31,8.36,-5.05,2.05,1.71,-0.45,8.54,-6.56,-4.66
22,0000,8951,-1.28,8.37,-5.01,2.00,1.64,-0.61,9.49,-6.21,-4.65
23,0000,8961,-1.29,8.36,-4.95,0.72,1.46,-0.38,8.64,-6.59,-4.33
24,0000,8971,-1.31,8.38,-5.03,-0.43,1.38,-0.69,9.25,-6.28,-4.55
25,0000,8981,-1.31,8.37,-5.02,-1.92,1.38,-0.45,8.81,-6.01,-4.72
26,0000,8991,-1.31,8.34,-5.13,-1.93,1.21,-0.49,8.37,-6.64,-5.03
27,0000,9001,-1.30,8.36,-5.12,-1.08,1.08,-0.61,8.78,-6.08,-4.57
28,0000,9011,-1.32,8.39,-5.10,0.53,1.57,-0.35,8.40,-6.46,-4.78
29,0000,9021,-1.31,8.39,-5.08,1.66,1.51,-0.44,8.20,-6.91,-4.55
30,0000,9031,-1.31,8.38,-5.01,2.20,1.64,-0.66,8.54,-6.18,-4.82
31,0000,9052,-1.33,8.36,-5.02,-0.42,1.25,-0.69,8.45,-6.18,-4.71
32,0000,9062,-1.32,8.36,-5.02,-1.60,1.04,-0.59,8.40,-6.75,-4.75
33,0000,9072,-1.32,8.34,-5.03,-1.69,1.22,-0.77,8.36,-6.80,-4.36
34,0000,9082,-1.31,8.34,-5.10,-0.92,1.13,-0.59,8.37,-5.95,-4.87
35,0000,9092,-1.30,8.33,-5.05,0.39,1.59,-0.69,8.46,-6.40,-4.03
36,0000,9102,-1.31,8.34,-5.02,1.29,1.53,-0.26,8.54,-6.07,-4.30
37,0000,9112,-1.29,8.37,-5.03,1.43,1.74,-0.48,8.24,-6.33,-4.68
38,0000,9122,-1.29,8.38,-5.01,0.66,1.67,-0.54,8.43,-5.79,-4.21
39,0000,9132,-1.29,8.40,-5.02,-0.14,1.24,-0.39,8.62,-6.05,-4.79
40,0000,9142,-1.29,8.40,-5.04,-0.54,1.40,-0.66,8.51,-6.49,-5.57
41,0000,9163,-1.28,8.39,-5.08,-0.48,1.08,-0.56,8.37,-6.34,-4.97
42,0000,9173,-1.30,8.35,-5.08,0.11,1.48,-0.60,8.64,-5.98,-5.41
43,0000,9183,-1.31,8.35,-5.05,0.86,1.42,-0.52,8.61,-5.83,-4.98
44,0000,9193,-1.35,8.36,-5.02,0.68,1.44,-0.58,8.01,-6.27,-4.97
45,0000,9203,-1.28,8.37,-5.03,0.42,1.42,-0.34,8.48,-5.93,-5.14
46,0000,9213,-1.30,8.39,-5.03,-0.14,1.48,-0.59,8.27,-6.23,-5.03
47,0000,9223,-1.32,8.38,-5.02,-0.24,1.50,-0.57,8.43,-6.66,-4.14
48,0000,9233,-1.33,8.37,-5.03,-0.10,1.29,-0.38,8.37,-6.08,-4.84
49,0000,9243,-1.31,8.39,-5.08,0.41,1.46,-0.51,8.23,-7.03,-4.36
50,0000,9254,-1.32,8.39,-5.08,0.41,1.62,-0.46,8.48,-6.24,-5.10
51,0000,9264,-1.32,8.39,-5.06,0.46,1.63,-0.53,8.18,-6.34,-4.78
52,0000,9274,-1.31,8.37,-5.04,0.22,1.44,-0.65,7.70,-7.15,-4.33
53,0000,9284,-1.31,8.40,-5.03,-0.18,1.64,-0.59,8.16,-5.61,-4.34
54,0000,9305,-1.31,8.30,-5.03,-0.24,1.48,-0.51,7.94,-6.99,-4.49
55,0000,9316,-1.34,8.41,-5.13,0.34,1.57,-0.49,8.26,-6.01,-4.46
56,0000,9326,-1.30,8.39,-5.03,0.43,1.43,-0.46,8.40,-6.78,-4.27
57,0000,9336,-1.33,8.35,-5.03,0.73,1.44,-0.52,8.54,-6.14,-4.55
58,0000,9346,-1.30,8.36,-5.04,0.36,1.51,-0.59,8.37,-6.21,-3.86
59,0000,9356,-1.32,8.36,-5.06,-0.07,1.38,-0.39,8.61,-6.64,-4.09
60,0000,9366,-1.34,8.37,-5.08,-0.59,1.40,-0.56,8.62,-6.08,-3.62
61,0000,9376,-1.30,8.36,-5.07,-0.59,1.32,-0.60,8.21,-6.56,-4.60
62,0000,9386,-1.35,8.39,-5.07,-0.03,1.47,-0.57,8.08,-6.49,-4.94
63,0000,9396,-1.28,8.34,-4.99,0.38,1.46,-0.65,8.32,-6.43,-4.97
64,0000,9419,-1.29,8.31,-4.98,0.59,1.54,-0.44,8.43,-5.90,-4.97
65,0000,9430,-1.29,8.38,-5.00,-0.04,1.35,-0.63,8.70,-5.80,-4.71
66,0000,9440,-1.32,8.34,-5.03,-0.61,1.43,-0.73,8.68,-6.58,-4.53
67,0000,9450,-1.30,8.36,-4.98,-0.80,1.43,-0.60,8.35,-5.58,-3.73
68,0000,9460,-1.28,8.32,-5.05,-0.52,1.52,-0.68,8.21,-6.65,-4.00
69,0000,9470,-1.27,8.36,-5.05,0.18,1.49,-0.43,8.39,-6.23,-4.95
70,0000,9480,-1.27,8.38,-5.08,0.71,1.44,-0.46,8.26,-6.40,-4.41
71,0000,9490,-1.26,8.37,-5.02,1.01,1.78,-0.24,8.52,-6.96,-4.41
72,0000,9500,-1.29,8.35,-5.02,0.59,1.85,-0.50,8.36,-6.27,-4.50
73,0000,9510,-1.33,8.36,-5.04,-0.03,1.69,-0.40,8.18,-6.33,-3.99
74,0000,9521,-1.28,8.41,-5.07,-0.73,1.46,-0.43,8.08,-6.58,-3.87
75,0000,9531,-1.30,8.43,-5.08,-0.62,1.52,-0.63,7.86,-6.62,-4.56
76,0000,9541,-1.32,8.38,-5.06,-0.06,1.31,-0.66,7.99,-6.52,-4.52
77,0000,9551,-1.35,8.36,-5.10,0.46,1.15,-0.47,8.56,-6.52,-4.82
78,0000,9572,-1.33,8.36,-5.03,0.72,1.49,-0.52,8.37,-6.84,-3.64
79,0000,9582,-1.34,8.33,-5.03,0.09,1.36,-0.64,8.18,-5.82,-4.15
80,0000,9592,-1.33,8.35,-5.12,-0.64,1.06,-0.45,8.46,-7.18,-3.70
81,0000,9602,-1.33,8.35,-5.04,-0.93,1.32,-0.59,8.39,-6.78,-4.18
82,0000,9612,-1.30,8.35,-5.08,-0.48,1.21,-0.40,8.52,-6.17,-3.68
83,0000,9623,-1.27,8.41,-5.07,0.38,1.46,-0.56,8.39,-6.59,-3.83
84,0000,9633,-1.28,8.42,-5.03,1.27,1.51,-0.59,8.55,-6.24,-4.56
85,0000,9643,-1.31,8.36,-5.02,1.20,1.36,-0.52,8.51,-6.88,-3.87
86,0000,9653,-1.27,8.36,-4.98,0.81,1.53,-0.74,8.92,-6.30,-4.12
87,0000,9663,-1.29,8.36,-4.99,-0.26,1.41,-0.58,8.23,-6.33,-4.12
88,0000,9673,-1.32,8.38,-5.03,-0.92,1.17,-0.45,8.39,-6.83,-3.98
89,0000,9683,-1.31,8.36,-5.08,-1.44,1.23,-0.61,8.78,-6.08,-3.92
90,0000,9693,-1.28,8.35,-5.05,-0.80,1.63,-0.43,9.05,-6.61,-3.84
91,0000,9714,-1.30,8.38,-5.07,1.36,1.52,-0.49,8.54,-6.40,-4.08
92,0000,9725,-1.31,8.39,-4.97,1.69,1.71,-0.61,8.73,-6.66,-4.95
93,0000,9735,-1.33,8.36,-5.03,0.70,1.50,-0.45,8.65,-6.28,-4.00
94,0000,9745,-1.30,8.35,-4.98,-0.32,1.43,-0.67,8.33,-6.23,-3.74
95,0000,9755,-1.28,8.36,-5.01,-1.35,1.36,-0.58,9.00,-6.53,-3.57
96,0000,9765,-1.34,8.38,-5.10,-1.40,1.33,-0.57,8.90,-6.15,-4.12
97,0000,9775,-1.30,8.40,-5.09,-0.16,1.47,-0.66,8.61,-6.43,-3.54
98,0000,9785,-1.34,8.39,-5.11,0.95,1.51,-0.73,8.43,-5.52,-4.05
99,0000,9795,-1.30,8.40,-5.05,1.96,1.64,-0.70,8.29,-6.40,-3.67
100,0000,9805,-1.35,8.39,-5.00,1.63,1.59,-0.57,8.71,-6.12,-4.21
101,0000,9815,-1.32,8.38,-5.00,0.16,1.42,-0.61,8.56,-5.67,-4.17
102,0000,9836,-1.28,8.36,-5.06,-1.85,1.24,-0.87,9.25,-6.34,-4.02
103,0000,9846,-1.25,8.39,-5.12,-1.55,1.12,-0.97,8.74,-6.47,-4.94
104,0000,9856,-1.30,8.37,-5.12,-0.22,1.35,-0.54,8.42,-6.58,-4.19
105,0000,9866,-1.27,8.32,-5.02,1.38,1.64,-0.55,8.78,-5.63,-4.11
106,0000,9876,-1.28,8.37,-5.08,1.97,1.50,-0.56,8.65,-6.59,-3.95
107,0000,9886,-1.27,8.39,-4.98,1.63,1.57,-0.59,8.59,-6.09,-4.03
108,0000,9896,-1.28,8.37,-5.01,0.57,1.44,-0.33,8.83,-6.15,-4.34
109,0000,9906,-1.30,8.37,-4.99,-1.11,1.52,-0.48,8.32,-6.34,-4.09
110,0000,9916,-1.27,8.37,-5.07,-1.84,1.22,-0.31,8.75,-5.67,-4.27
111,0000,9926,-1.34,8.38,-5.10,-1.31,1.47,-0.56,8.64,-6.40,-4.03
112,0000,9947,-1.31,8.34,-5.08,1.46,1.49,-0.57,8.39,-5.88,-3.45
113,0000,9957,-1.31,8.32,-4.98,1.91,1.68,-0.42,8.64,-6.75,-3.95
114,0000,9967,-1.35,8.35,-4.91,1.54,1.52,-0.52,8.59,-6.74,-4.47
115,0000,9977,-1.30,8.41,-5.10,0.41,1.56,-0.70,8.81,-6.83,-4.09
116,0000,9987,-1.31,8.30,-4.87,-1.02,1.27,-0.53,8.61,-6.58,-3.60
117,0000,9997,-1.35,8.34,-5.14,-1.71,1.38,-0.50,8.16,-6.66,-3.79
118,0000,10007,-1.37,8.33,-5.02,-1.61,1.36,-0.59,8.23,-6.84,-4.19
119,0000,10017,-1.36,8.33,-5.03,-0.32,1.50,-0.64,8.80,-6.56,-4.03
120,0000,10038,-1.29,8.38,-5.16,2.10,1.59,-0.54,8.37,-6.69,-3.90
121,0000,10048,-1.36,8.32,-4.94,1.67,1.60,-0.48,8.16,-6.78,-4.28
122,0000,10058,-1.29,8.43,-5.11,0.32,1.70,-0.58,8.13,-6.90,-4.02
123,0000,10068,-1.26,8.41,-4.86,-1.41,1.37,-0.58,8.49,-6.39,-3.83
124,0000,10078,-1.35,8.35,-5.02,-2.17,1.25,-0.48,8.81,-6.80,-3.48
125,0000,10088,-1.30,8.34,-5.10,-1.90,1.39,-0.59,8.26,-7.25,-3.80
126,0000,10109,-1.31,8.35,-5.07,1.72,1.67,-0.52,8.55,-7.26,-4.18
127,0000,10132,-1.30,8.37,-4.98,1.45,1.51,-0.70,8.80,-7.16,-4.63
128,0000,10143,-1.32,8.34,-5.00,-0.24,1.54,-0.56,8.52,-6.97,-4.36
129,0000,10153,-1.35,8.37,-5.05,-1.94,1.16,-0.52,8.68,-7.06,-4.44
130,0000,10163,-1.32,8.38,-5.07,-2.31,1.01,-0.54,8.33,-7.09,-4.11
131,0000,10173,-1.30,8.37,-5.11,-1.37,1.32,-0.58,8.21,-7.34,-4.49
132,0000,10183,-1.28,8.36,-5.08,0.46,1.46,-0.46,8.64,-6.68,-3.98
133,0000,10193,-1.32,8.36,-5.08,2.07,1.74,-0.41,8.75,-7.26,-3.46
134,0000,10214,-1.31,8.38,-5.02,1.54,1.53,-0.57,8.80,-6.43,-4.69
135,0000,10224,-1.28,8.37,-4.94,-0.04,1.40,-0.42,8.39,-7.07,-4.22
136,0000,10234,-1.31,8.36,-5.01,-1.76,1.15,-0.52,8.80,-6.09,-5.23
137,0000,10244,-1.32,8.34,-5.00,-2.17,1.19,-0.61,8.84,-6.91,-4.06
138,0000,10254,-1.32,8.34,-5.06,-1.81,1.16,-0.69,8.56,-6.94,-4.09
139,0000,10264,-1.28,8.35,-5.08,0.02,1.43,-0.38,8.51,-6.49,-4.19
140,0000,10285,-1.28,8.36,-5.07,2.30,1.71,-0.60,8.77,-6.15,-4.36
141,0000,10295,-1.31,8.37,-4.97,1.64,1.53,-0.62,8.84,-6.72,-4.17
142,0000,10305,-1.31,8.40,-4.97,-0.06,1.38,-0.66,8.56,-7.34,-4.78
143,0000,10315,-1.30,8.36,-4.99,-1.51,1.31,-0.75,8.80,-6.07,-5.16
144,0000,10325,-1.34,8.37,-5.07,-2.08,1.18,-0.76,8.56,-6.99,-4.81
145,0000,10335,-1.33,8.38,-5.09,-1.57,1.23,-0.59,8.99,-6.33,-4.33
146,0000,10356,-1.29,8.37,-5.07,1.74,1.46,-0.70,8.89,-7.16,-4.24
147,0000,10366,-1.32,8.37,-4.99,2.10,1.63,-0.47,8.83,-6.20,-4.49
148,0000,10376,-1.29,8.35,-4.97,1.15,1.57,-0.46,8.75,-6.56,-3.83
149,0000,10386,-1.30,8.39,-4.96,-0.31,1.48,-0.56,8.89,-6.30,-4.15
150,0000,10396,-1.33,8.33,-5.01,-1.43,1.05,-0.80,8.70,-6.30,-4.68
151,0000,10406,-1.28,8.33,-5.02,-1.78,1.43,-0.75,8.67,-6.65,-4.09
152,0000,10427,-1.30,8.32,-5.07,0.44,1.59,-0.65,8.17,-6.81,-4.05
153,0000,10437,-1.33,8.37,-5.02,1.85,1.57,-0.75,8.43,-6.69,-4.00
154,0000,10447,-1.28,8.40,-5.04,2.16,1.62,-0.43,8.40,-6.36,-4.71
155,0000,10457,-1.30,8.39,-4.99,1.04,1.56,-0.64,8.10,-6.94,-3.83
156,0000,10467,-1.28,8.38,-4.99,-0.31,1.50,-0.72,8.35,-5.88,-4.15
157,0000,10477,-1.29,8.35,-5.05,-1.54,1.22,-0.73,8.49,-6.64,-4.19
158,0000,10498,-1.31,8.36,-5.05,-1.16,1.48,-0.55,8.54,-6.26,-4.38
159,0000,10508,-1.30,8.34,-5.08,0.83,1.45,-0.53,8.21,-6.85,-4.97
160,0000,10518,-1.31,8.39,-5.07,2.07,1.73,-0.47,8.70,-6.58,-4.60
161,0000,10528,-1.30,8.38,-5.06,2.19,1.67,-0.40,8.20,-6.97,-5.01
162,0000,10539,-1.30,8.39,-4.96,1.33,1.57,-0.43,8.74,-6.46,-4.28
163,0000,10549,-1.29,8.37,-4.97,-0.35,1.51,-0.69,8.67,-6.26,-4.38
164,0000,10559,-1.31,8.40,-5.07,-1.82,1.24,-0.35,8.30,-6.47,-4.09
165,0000,10569,-1.30,8.38,-5.06,-2.16,1.35,-0.60,8.51,-6.47,-4.40
166,0000,10590,-1.28,8.37,-5.08,0.45,1.36,-0.55,8.52,-6.66,-4.56
167,0000,10600,-1.30,8.36,-5.06,1.69,1.64,-0.59,8.43,-6.21,-4.24
168,0000,10610,-1.28,8.37,-5.03,2.08,1.64,-0.61,8.04,-7.03,-3.86
169,0000,10620,-1.31,8.37,-4.97,1.24,1.49,-0.67,8.68,-6.69,-3.54
170,0000,10630,-1.34,8.37,-5.01,-0.19,1.43,-0.34,8.13,-6.90,-4.25
171,0000,10641,-1.31,8.37,-5.01,-1.35,1.12,-0.55,8.75,-7.06,-3.74
172,0000,10651,-1.33,8.36,-5.07,-1.59,1.46,-0.56,9.21,-6.65,-3.87
173,0000,10661,-1.29,8.36,-5.10,-0.84,1.29,-0.57,8.81,-6.40,-4.65
174,0000,10682,-1.27,8.37,-5.05,1.31,1.45,-0.53,8.08,-5.70,-4.59
175,0000,10692,-1.31,8.36,-5.05,1.39,1.54,-0.44,8.43,-6.68,-4.68
176,0000,10702,-1.29,8.36,-4.97,0.62,1.45,-0.66,8.68,-5.90,-4.55
177,0000,10712,-1.26,8.39,-4.99,-0.11,1.52,-0.48,7.94,-6.17,-4.15
178,0000,10722,-1.27,8.38,-4.97,-0.98,1.31,-0.64,8.86,-6.81,-3.81
179,0000,10732,-1.28,8.40,-5.08,-0.91,1.20,-0.59,8.65,-6.27,-4.15
180,0000,10753,-1.30,8.37,-5.03,0.44,1.36,-0.67,8.51,-6.74,-3.80
181,0000,10763,-1.27,8.38,-5.05,1.15,1.43,-0.61,8.61,-7.00,-4.18
182,0000,10773,-1.28,8.38,-5.00,1.25,1.62,-0.63,7.92,-6.97,-3.96
183,0000,10783,-1.28,8.36,-5.04,0.42,1.59,-0.58,8.39,-5.86,-4.19
184,0000,10793,-1.29,8.36,-4.96,-0.43,1.52,-0.53,8.39,-6.65,-4.25
185,0000,10803,-1.29,8.35,-5.08,-1.17,1.30,-0.56,8.65,-5.92,-3.96
186,0000,10824,-1.26,8.38,-5.08,-0.17,1.43,-0.45,8.37,-6.88,-4.00
187,0000,10834,-1.27,8.38,-5.04,0.84,1.66,-0.58,8.67,-6.53,-4.11
188,0000,10844,-1.29,8.39,-5.07,1.17,1.73,-0.54,8.56,-6.71,-4.18
189,0000,10867,-1.33,8.36,-5.02,0.19,1.50,-0.87,8.51,-6.40,-4.24
190,0000,10878,-1.27,8.35,-5.03,-0.68,1.34,-0.47,8.56,-6.68,-4.74
191,0000,10888,-1.31,8.42,-5.03,-0.95,1.29,-0.45,8.56,-7.19,-4.03
192,0000,10898,-1.28,8.40,-5.08,-0.74,1.43,-0.62,8.64,-7.09,-4.00
193,0000,10908,-1.32,8.35,-5.09,0.22,1.54,-0.61,8.56,-6.52,-4.17
194,0000,10918,-1.31,8.39,-5.10,0.85,1.59,-0.66,8.73,-6.21,-0.16
195,0000,10928,-1.27,8.35,-5.03,1.23,1.63,-0.46,8.51,-6.75,-4.12
196,0000,10949,-1.25,8.37,-4.97,-0.03,1.40,-0.56,8.40,-6.37,-4.71
197,0000,10959,-1.31,8.37,-5.07,-0.70,1.49,-0.48,8.35,-6.97,-4.17
198,0000,10969,-1.29,8.38,-5.06,-0.67,1.30,-0.53,7.99,-6.43,-4.15
199,0000,10979,-1.33,8.38,-5.06,-0.62,1.43,-0.66,8.14,-7.06,-4.33
200,0000,10989,-1.30,8.37,-5.11,0.24,1.31,-0.54,8.26,-6.85,-3.81
201,0000,10999,-1.31,8.33,-5.00,0.50,1.75,-0.38,8.27,-6.09,-4.11
202,0000,11020,-1.31,8.39,-5.00,0.52,1.52,-0.52,8.29,-6.42,-3.45
203,0000,11030,-1.32,8.37,-5.05,-0.06,1.51,-0.71,8.17,-6.53,-5.06
204,0000,11040,-1.30,8.36,-5.01,-0.80,1.35,-0.65,8.33,-6.94,-4.24
205,0000,11051,-1.32,8.37,-5.07,-0.73,1.35,-0.45,8.54,-6.53,-4.36
206,0000,11061,-1.29,8.36,-5.04,-0.23,1.33,-0.53,8.45,-6.46,-4.69
207,0000,11071,-1.31,8.39,-5.08,0.32,1.53,-0.52,8.67,-6.34,-4.40
208,0000,11081,-1.32,8.34,-5.06,0.86,1.50,-0.53,8.52,-6.31,-4.36
209,0000,11091,-1.33,8.37,-5.08,0.60,1.60,-0.49,8.89,-6.78,-4.12
210,0000,11112,-1.26,8.38,-4.98,-0.52,1.49,-0.70,8.43,-6.91,-5.09
211,0000,11122,-1.29,8.38,-5.02,-0.80,1.52,-0.44,8.83,-6.43,-4.28
212,0000,11132,-1.28,8.39,-5.10,-0.77,1.28,-0.62,9.13,-6.30,-4.56
213,0000,11142,-1.28,8.37,-5.00,-0.21,1.45,-0.59,8.35,-6.52,-4.65
214,0000,11153,-1.29,8.37,-5.08,0.44,1.43,-0.61,8.74,-6.43,-4.28
215,0000,11163,-1.28,8.34,-5.02,1.01,1.48,-0.46,8.78,-6.23,-4.55
216,0000,11173,-1.32,8.36,-5.06,0.79,1.68,-0.57,8.56,-6.39,-4.12
217,0000,11183,-1.28,8.36,-5.03,0.33,1.31,-0.46,8.68,-6.31,-4.71
218,0000,11204,-1.28,8.36,-5.03,-0.64,1.56,-0.60,8.55,-6.15,-4.95
219,0000,11214,-1.29,8.39,-5.05,-0.31,1.40,-0.46,8.68,-6.09,-4.90
220,0000,11224,-1.31,8.37,-5.05,-0.14,1.48,-0.59,8.67,-6.66,-5.12
221,0000,11234,-1.28,8.35,-5.01,0.30,1.38,-0.57,8.39,-6.01,-4.40
222,0000,11244,-1.31,8.37,-5.09,0.57,1.64,-0.52,8.01,-6.68,-4.91
223,0000,11255,-1.34,8.37,-5.03,0.61,1.34,-0.51,8.62,-6.81,-4.21
224,0000,11265,-1.29,8.37,-5.06,0.14,1.33,-0.43,8.20,-5.90,-4.57
225,0000,11275,-1.28,8.39,-5.00,-0.37,1.47,-0.50,8.04,-6.61,-4.55
226,0000,11296,-1.32,8.38,-5.04,-0.41,1.54,-0.66,8.45,-6.39,-5.13
227,0000,11306,-1.33,8.36,-5.07,0.25,1.38,-0.69,8.49,-6.64,-4.72
228,0000,11316,-1.33,8.36,-5.06,0.73,1.57,-0.39,8.35,-6.68,-4.33
229,0000,11326,-1.34,8.36,-5.05,0.90,1.52,-0.60,8.30,-6.97,-3.68
230,0000,11336,-1.30,8.33,-5.07,0.62,1.58,-0.38,8.61,-6.43,-4.81
231,0000,11346,-1.32,8.36,-5.05,0.13,1.45,-0.72,8.62,-6.69,-5.14
232,0000,11367,-1.30,8.35,-5.06,-0.61,1.57,-0.66,9.08,-6.45,-4.14
233,0000,11377,-1.28,8.37,-5.03,-0.13,1.52,-0.61,8.84,-6.93,-4.57
234,0000,11387,-1.33,8.37,-5.09,0.34,1.63,-0.45,8.80,-6.64,-4.34
235,0000,11397,-1.30,8.35,-5.05,0.42,1.44,-0.64,8.58,-6.71,-4.56
236,0000,11407,-1.31,8.39,-5.20,0.66,1.64,-0.54,8.87,-6.74,-4.24
237,0000,11417,-1.34,8.37,-5.04,0.37,1.40,-0.62,8.81,-6.49,-3.84
238,0000,11438,-1.30,8.35,-5.04,-0.28,1.39,-0.38,8.81,-6.59,-4.17
239,0000,11448,-1.25,8.41,-5.05,-0.36,1.28,-0.52,8.74,-6.81,-4.33
240,0000,11458,-1.28,8.32,-5.08,-0.29,1.57,-0.62,8.54,-6.61,-4.34
241,0000,11468,-1.26,8.38,-5.09,0.16,1.34,-0.48,8.74,-6.43,-4.78
242,0000,11478,-1.31,8.37,-5.05,0.53,1.54,-0.53,8.77,-6.68,-5.04
243,0000,11488,-1.30,8.40,-5.06,0.68,1.43,-0.40,8.86,-7.18,-4.02
244,0000,11509,-1.33,8.36,-5.05,-0.10,1.46,-0.32,9.11,-6.91,-4.06
245,0000,11519,-1.35,8.37,-5.06,-0.41,1.46,-0.41,8.71,-6.81,-4.27
246,0000,11529,-1.30,8.39,-5.08,-0.31,1.47,-0.56,8.52,-7.09,-4.52
247,0000,11539,-1.31,8.39,-5.11,0.17,1.57,-0.40,8.32,-7.48,-4.43
248,0000,11549,-1.32,8.36,-5.04,0.14,1.50,-0.52,8.70,-6.74,-4.25
249,0000,11559,-1.32,8.35,-5.02,0.26,1.44,-0.47,8.74,-6.97,-4.40
250,0000,11585,-1.29,8.39,-5.20,0.16,1.64,-0.39,8.74,-6.14,-4.75
251,0000,11596,-1.29,8.36,-4.99,0.16,1.50,-0.52,8.40,-6.36,-5.03
252,0000,11606,-1.26,8.37,-5.03,0.31,1.46,-0.52,8.33,-6.77,-4.62
253,0000,11616,-1.29,8.38,-5.05,0.19,1.61,-0.57,8.20,-6.33,-5.35
254,0000,11626,-1.31,8.39,-5.09,0.15,1.50,-0.53,8.05,-6.84,-5.28
255,0000,11636,-1.31,8.36,-5.03,0.10,1.31,-0.60,7.98,-6.43,-4.65
256,0000,11646,-1.34,8.36,-5.09,-0.16,1.39,-0.75,8.07,-6.55,-5.29
257,0000,11667,-1.31,8.41,-5.08,-0.36,1.47,-0.44,8.32,-6.15,-5.19
258,0000,11677,-1.29,8.35,-5.03,0.24,1.37,-0.53,7.94,-6.27,-5.38
259,0000,11687,-1.30,8.40,-5.09,0.38,1.44,-0.38,8.32,-6.50,-5.25
260,0000,11697,-1.28,8.38,-5.08,0.38,1.67,-0.52,7.64,-6.71,-4.93
261,0000,11707,-1.31,8.36,-5.01,0.09,1.55,-0.47,8.30,-7.04,-5.64
262,0000,11717,-1.32,8.38,-5.03,-0.09,1.56,-0.44,8.43,-6.62,-4.97
263,0000,11738,-1.33,8.35,-5.05,-0.31,1.48,-0.46,8.51,-6.74,-3.79
264,0000,11748,-1.30,8.39,-5.10,-0.20,1.52,-0.37,8.11,-5.95,-4.75
265,0000,11758,-1.29,8.38,-5.06,0.25,1.55,-0.49,8.36,-6.61,-4.90
266,0000,11768,-1.30,8.35,-5.08,0.11,1.50,-0.38,8.30,-6.39,-4.46
267,0000,11778,-1.32,8.35,-5.06,0.51,1.37,-0.44,8.04,-6.49,-4.52
268,0000,11788,-1.30,8.37,-5.05,0.12,1.43,-0.50,8.46,-6.62,-4.37
269,0000,11809,-1.28,8.37,-5.04,0.03,1.38,-0.50,8.59,-6.97,-4.82
270,0000,11819,-1.30,8.40,-5.09,0.08,1.51,-0.37,8.37,-6.53,-4.91
271,0000,11829,-1.29,8.37,-4.97,0.06,1.50,-0.52,8.26,-6.49,-4.95
272,0000,11839,-1.32,8.35,-5.01,0.10,1.29,-0.46,8.43,-6.90,-4.43
273,0000,11849,-1.34,8.39,-5.06,0.14,1.47,-0.46,8.71,-6.49,-4.84
274,0000,11859,-1.28,8.39,-5.02,0.24,1.50,-0.49,8.37,-7.23,-5.01
275,0000,11880,-1.27,8.39,-5.02,-0.11,1.40,-0.52,8.29,-6.30,-4.55
276,0000,11890,-1.28,8.38,-5.09,-0.20,1.36,-0.51,9.03,-7.34,-4.57
277,0000,11900,-1.31,8.33,-5.03,0.04,1.44,-0.42,8.43,-6.37,-4.85
278,0000,11910,-1.29,8.38,-5.07,-0.13,1.40,-0.42,8.67,-7.02,-5.10
279,0000,11920,-1.27,8.37,-5.01,0.00,1.45,-0.53,8.23,-6.43,-4.72
280,0000,11930,-1.31,8.39,-5.10,0.58,1.54,-0.53,8.01,-6.59,-5.39
281,0000,11951,-1.25,8.36,-5.02,0.23,1.35,-0.60,8.26,-6.64,-4.91
282,0000,11961,-1.30,8.36,-4.99,-0.11,1.29,-0.52,8.01,-6.17,-4.65
283,0000,11972,-1.30,8.37,-5.08,-0.01,1.63,-0.38,8.58,-6.39,-3.80
284,0000,11982,-1.32,8.39,-5.06,0.00,1.37,-0.47,8.48,-5.90,-4.78
285,0000,11992,-1.32,8.38,-5.11,0.14,1.27,-0.54,8.10,-6.72,-4.09
286,0000,12002,-1.31,8.36,-5.02,0.37,1.48,-0.56,8.23,-6.68,-3.99
287,0000,12012,-1.31,8.35,-5.06,0.42,1.31,-0.48,8.33,-6.96,-4.37
288,0000,12022,-1.31,8.39,-5.02,0.31,1.31,-0.19,8.52,-6.97,-4.31
289,0000,12043,-1.29,8.36,-5.09,2.16,1.44,-0.52,8.56,-6.36,-4.65
290,0000,12053,-1.31,8.38,-5.04,0.05,1.64,-0.55,8.54,-5.83,-4.44
291,0000,12063,-1.30,8.38,-5.10,0.18,1.43,-0.43,8.43,-6.01,-4.60
292,0000,12074,-1.28,8.40,-5.08,-0.04,1.23,-0.52,8.04,-6.42,-4.30
293,0000,12084,-1.31,8.37,-5.07,-0.10,1.44,-0.48,8.40,-5.98,-4.37
294,0000,12094,-1.32,8.35,-5.02,0.15,1.42,-0.51,8.77,-5.95,-4.90
295,0000,12104,-1.31,8.37,-5.07,0.09,1.43,-0.45,8.68,-6.72,-3.86
296,0000,12114,-1.32,8.37,-5.08,0.25,1.54,-0.45,8.94,-5.83,-4.06
297,0000,12135,-1.28,8.40,-5.05,-0.11,1.45,-0.64,8.93,-6.74,-3.95
298,0000,12145,-1.31,8.35,-5.09,0.08,1.51,-0.53,8.26,-7.10,-4.27
299,0000,12155,-1.30,8.39,-5.08,-0.09,1.54,-0.52,8.37,-6.94,-4.50
300,0000,12165,-1.33,8.40,-5.06,-0.04,1.51,-0.59,8.84,-6.33,-4.78
301,0000,12175,-1.28,8.35,-5.06,-0.07,1.31,-0.52,8.62,-6.93,-4.57
302,0000,12185,-1.30,8.37,-5.05,-0.01,1.34,-0.65,8.56,-6.26,-5.23
303,0000,12206,-1.32,8.36,-5.03,0.21,1.39,-0.55,8.64,-6.61,-5.20
304,0000,12216,-1.29,8.37,-5.05,0.09,1.41,-0.52,8.65,-6.33,-5.39
305,0000,12226,-1.32,8.38,-5.02,0.28,1.61,-0.52,8.48,-7.21,-4.91
306,0000,12236,-1.30,8.39,-5.06,-0.18,1.33,-0.59,8.36,-6.49,-4.93
307,0000,12246,-1.28,8.38,-4.97,0.13,1.26,-0.60,8.05,-7.12,-5.13
308,0000,12256,-1.28,8.38,-5.03,0.12,1.21,-0.50,7.91,-7.26,-4.75
309,0000,12277,-1.34,8.36,-5.06,-0.41,1.34,-0.57,8.14,-7.00,-5.32
310,0000,12287,-1.30,8.37,-5.07,-0.05,1.50,-0.61,7.92,-6.47,-4.43
311,0000,12297,-1.32,8.33,-5.04,0.19,1.44,-0.60,8.14,-6.36,-4.98
312,0000,12320,-1.29,8.38,-5.07,0.40,1.37,-0.45,8.73,-6.90,-4.84
313,0000,12331,-1.31,8.36,-5.03,0.33,1.55,-0.47,8.77,-6.43,-4.62
314,0000,12341,-1.30,8.37,-5.05,-0.26,1.43,-0.31,8.39,-6.88,-4.36
315,0000,12351,-1.32,8.37,-5.04,-0.38,1.35,-0.66,8.97,-6.53,-4.71
316,0000,12361,-1.29,8.39,-5.06,-0.62,1.38,-0.52,8.75,-7.23,-4.90
317,0000,12371,-1.35,8.34,-5.01,-0.14,1.25,-0.60,8.86,-6.69,-4.97
318,0000,12382,-1.30,8.39,-5.07,0.54,1.32,-0.58,8.93,-6.64,-5.33
319,0000,12392,-1.31,8.37,-5.06,0.74,1.52,-0.49,8.52,-6.71,-5.00
320,0000,12402,-1.29,8.37,-4.99,0.83,1.54,-0.57,8.92,-6.91,-5.07
321,0000,12423,-1.34,8.37,-5.05,-0.32,1.41,-0.70,8.73,-7.04,-5.12
322,0000,12433,-1.32,8.36,-5.05,-0.80,1.40,-0.50,8.54,-6.18,-4.62
323,0000,12443,-1.29,8.38,-5.02,-0.64,1.31,-0.27,8.86,-7.00,-5.06
324,0000,12453,-1.32,8.38,-5.08,-0.16,1.40,-0.61,8.26,-7.42,-4.57
325,0000,12463,-1.31,8.35,-5.04,0.40,1.58,-0.55,8.87,-6.28,-5.42
326,0000,12473,-1.29,8.38,-5.05,0.88,1.60,-0.61,8.42,-6.77,-4.84
327,0000,12494,-1.28,8.37,-5.02,0.17,1.62,-0.61,8.43,-6.97,-4.88
328,0000,12504,-1.30,8.38,-5.04,-0.71,1.24,-0.64,8.81,-7.47,-5.47
329,0000,12514,-1.30,8.37,-5.05,-0.97,1.25,-0.61,8.49,-6.91,-4.82
330,0000,12524,-1.28,8.41,-5.05,-0.75,1.34,-0.67,8.49,-6.75,-4.33
331,0000,12534,-1.29,8.35,-5.06,0.09,1.46,-0.71,8.59,-6.39,-4.75
332,0000,12544,-1.31,8.36,-5.06,0.79,1.58,-0.26,8.36,-6.96,-5.20
333,0000,12565,-1.29,8.37,-5.01,0.57,1.60,-0.76,8.37,-6.68,-4.25
334,0000,12575,-1.29,8.37,-5.01,0.00,1.36,-0.56,8.37,-7.03,-4.37
335,0000,12586,-1.31,8.38,-5.04,-0.84,1.32,-0.63,8.67,-7.21,-4.43
336,0000,12596,-1.31,8.35,-5.06,-0.91,1.49,-0.57,8.07,-6.46,-4.71
337,0000,12606,-1.32,8.36,-5.11,-0.38,1.45,-0.44,7.88,-6.30,-4.31
338,0000,12616,-1.30,8.37,-5.04,0.53,1.43,-0.62,8.21,-6.39,-4.82
339,0000,12626,-1.33,8.39,-5.07,1.04,1.56,-0.59,8.46,-6.34,-4.69
340,0000,12636,-1.27,8.40,-4.99,1.07,1.49,-0.56,8.51,-6.02,-4.82
341,0000,12657,-1.32,8.34,-4.97,-0.39,1.30,-0.55,8.81,-6.87,-4.41
342,0000,12667,-1.28,8.38,-5.06,-1.20,1.24,-0.35,9.08,-6.78,-3.79
343,0000,12677,-1.31,8.37,-5.03,-0.76,1.47,-0.68,8.52,-6.65,-4.28
344,0000,12687,-1.30,8.37,-5.11,-0.32,1.36,-0.59,8.54,-6.55,-4.68
345,0000,12697,-1.30,8.39,-5.06,0.52,1.56,-0.41,8.68,-6.11,-4.72
346,0000,12707,-1.29,8.38,-5.08,1.15,1.65,-0.47,8.87,-6.71,-5.33
347,0000,12728,-1.31,8.37,-5.04,0.21,1.46,-0.58,8.80,-7.15,-4.76
348,0000,12738,-1.29,8.37,-5.00,-0.14,1.52,-0.57,8.68,-7.60,-4.81
349,0000,12748,-1.26,8.35,-5.01,-0.98,1.28,-0.60,8.80,-6.68,-4.82
350,0000,12758,-1.32,8.37,-5.04,-1.06,1.32,-0.73,8.93,-7.63,-4.31
351,0000,12768,-1.28,8.34,-5.02,-0.37,1.37,-0.56,8.24,-6.71,-4.91
352,0000,12778,-1.32,8.36,-5.11,0.51,1.43,-0.47,8.96,-6.39,-4.90
353,0000,12799,-1.30,8.38,-5.07,0.99,1.64,-0.56,8.23,-6.45,-4.79
354,0000,12809,-1.30,8.36,-4.97,0.40,1.56,-0.66,8.27,-7.48,-4.69
355,0000,12819,-1.29,8.39,-5.03,-0.33,1.42,-0.64,8.55,-7.34,-5.26
356,0000,12829,-1.29,8.36,-5.00,-0.90,1.57,-0.56,8.73,-6.75,-5.20
357,0000,12839,-1.29,8.37,-5.10,-0.97,1.44,-0.54,8.52,-7.16,-4.47
358,0000,12849,-1.31,8.35,-5.05,-0.55,1.46,-0.52,8.86,-6.31,-4.81
359,0000,12870,-1.26,8.37,-5.05,0.63,1.46,-0.52,8.51,-6.33,-4.91
360,0000,12880,-1.33,8.39,-5.05,0.97,1.52,-0.56,8.24,-6.52,-5.03
361,0000,12890,-1.27,8.39,-5.03,0.86,1.52,-0.58,8.39,-6.93,-5.26
362,0000,12900,-1.32,8.35,-5.02,0.51,1.48,-0.52,8.42,-7.25,-5.20
363,0000,12910,-1.32,8.37,-5.06,0.04,1.48,-0.46,8.17,-7.32,-5.06
364,0000,12920,-1.33,8.38,-5.00,-0.43,1.37,-0.48,8.39,-6.93,-5.00
365,0000,12941,-1.29,8.35,-5.04,-0.48,1.38,-0.51,8.35,-7.51,-4.94
366,0000,12951,-1.32,8.37,-5.09,-0.01,1.50,-0.47,8.46,-6.49,-5.10
367,0000,12961,-1.30,8.35,-5.05,0.51,1.48,-0.53,8.35,-7.10,-5.00
368,0000,12971,-1.33,8.34,-5.08,0.57,1.56,-0.57,8.39,-6.83,-4.85
369,0000,12981,-1.31,8.38,-5.07,0.62,1.42,-0.65,8.64,-6.31,-4.62
370,0000,12991,-1.33,8.36,-5.03,0.17,1.30,-0.37,8.27,-6.75,-4.88
371,0000,13012,-1.31,8.37,-5.02,-0.42,1.38,-0.60,7.83,-6.83,-5.52
372,0000,13022,-1.31,8.38,-5.06,-0.14,1.58,-0.62,8.16,-6.91,-5.14
373,0000,13032,-1.33,8.41,-5.06,0.33,1.38,-0.37,8.01,-6.11,-5.06
374,0000,13055,-1.31,8.39,-5.02,0.68,1.57,-0.63,8.51,-6.83,-4.38
375,0000,13066,-1.29,8.39,-5.03,0.14,1.40,-0.61,8.83,-6.66,-4.24
376,0000,13076,-1.25,8.37,-5.02,-0.41,1.41,-0.52,7.99,-7.02,-4.47
377,0000,13086,-1.28,8.39,-5.03,-0.55,1.55,-0.63,8.17,-6.65,-4.59
378,0000,13096,-1.30,8.35,-5.02,-0.06,1.29,-0.73,7.59,-6.20,-4.88
379,0000,13106,-1.32,8.39,-5.05,0.17,1.46,-0.59,7.72,-7.10,-4.31
380,0000,13116,-1.30,8.36,-5.02,0.34,1.68,-0.45,8.13,-6.31,-5.04
381,0000,13137,-1.34,8.37,-5.04,0.48,1.48,-0.36,8.14,-7.07,-4.63
382,0000,13147,-1.29,8.37,-4.99,-0.35,1.49,-0.51,8.14,-6.75,-4.28
383,0000,13157,-1.30,8.40,-5.05,-0.31,1.30,-0.55,8.18,-7.19,-4.60
384,0000,13167,-1.34,8.39,-5.04,-0.45,1.46,-0.56,8.64,-6.53,-4.74
385,0000,13177,-1.31,8.38,-5.07,-0.22,1.30,-0.38,8.10,-6.62,-4.50
386,0000,13187,-1.30,8.38,-5.03,0.31,1.54,-0.47,7.94,-6.65,-4.37
387,0000,13208,-1.27,8.38,-5.04,0.66,1.20,-0.46,7.50,-6.61,-4.74
388,0000,13218,-1.30,8.38,-5.02,0.50,1.73,-0.58,8.39,-6.45,-4.82
389,0000,13228,-1.30,8.39,-5.02,0.17,1.47,-0.52,7.98,-6.58,-4.68
390,0000,13238,-1.27,8.39,-5.01,-0.18,1.34,-0.63,8.23,-6.91,-4.57
391,0000,13248,-1.30,8.36,-5.05,-0.36,1.36,-0.59,8.26,-6.59,-4.38
392,0000,13258,-1.29,8.37,-5.05,-0.30,1.44,-0.50,7.86,-7.23,-4.78
393,0000,13279,-1.29,8.34,-5.02,0.59,1.54,-0.54,7.97,-6.45,-5.32
394,0000,13289,-1.28,8.35,-5.06,0.50,1.42,-0.37,8.42,-6.33,-5.01
395,0000,13299,-1.26,8.37,-5.00,0.15,1.50,-0.37,8.07,-6.28,-5.13
396,0000,13309,-1.29,8.35,-5.04,0.02,1.43,-0.50,7.97,-6.49,-5.07
397,0000,13319,-1.31,8.40,-5.06,-0.10,1.49,-0.69,8.21,-6.28,-4.65
398,0000,13329,-1.28,8.37,-5.05,0.04,1.66,-0.64,7.97,-6.14,-4.95
399,0000,13350,-1.31,8.38,-5.04,0.18,1.50,-0.61,8.01,-6.11,-5.00
400,0000,13360,-1.31,8.34,-5.02,0.24,1.43,-0.49,8.16,-6.24,-4.98
401,0000,13370,-1.30,8.38,-5.09,0.31,1.65,-0.57,8.27,-6.47,-5.26
402,0000,13380,-1.31,8.37,-5.06,-0.21,1.57,-0.63,8.24,-6.40,-4.60
403,0000,13390,-1.32,8.38,-5.09,-0.31,1.36,-0.61,8.49,-7.09,-4.59
404,0000,13400,-1.33,8.38,-5.08,-0.12,1.49,-0.59,8.51,-6.04,-4.82
405,0000,13421,-1.28,8.37,-5.03,0.57,1.43,-0.65,8.54,-6.65,-4.50
406,0000,13431,-1.25,8.39,-5.04,0.53,1.40,-0.62,8.46,-6.45,-5.10
407,0000,13441,-1.31,8.35,-5.10,0.31,1.35,-0.69,8.20,-6.93,-5.06
408,0000,13451,-1.28,8.38,-5.00,0.09,1.44,-0.50,8.17,-6.43,-5.04
409,0000,13461,-1.29,8.38,-5.04,-0.38,1.47,-0.53,7.60,-7.00,-5.04
410,0000,13471,-1.32,8.37,-5.06,-0.45,1.43,-0.70,8.17,-6.88,-4.85
411,0000,13492,-1.33,8.38,-5.10,0.26,1.47,-0.52,7.92,-6.42,-5.06
412,0000,13502,-1.29,8.37,-5.05,0.66,1.54,-0.44,8.43,-6.59,-4.84
413,0000,13513,-1.29,8.38,-5.04,0.55,1.58,-0.66,7.92,-6.66,-4.95
414,0000,13523,-1.31,8.37,-5.02,0.06,1.53,-0.64,7.94,-7.13,-5.51
415,0000,13533,-1.31,8.38,-5.06,-0.44,1.31,-0.68,8.20,-6.78,-5.00
416,0000,13543,-1.31,8.36,-5.05,-0.40,1.28,-0.53,7.83,-7.21,-4.88
417,0000,13553,-1.33,8.38,-5.09,-0.33,1.48,-0.39,8.05,-7.15,-5.04
418,0000,13563,-1.32,8.39,-5.10,0.19,1.44,-0.45,7.76,-7.34,-5.35
419,0000,13584,-1.32,8.36,-4.99,0.72,1.58,-0.49,8.18,-7.09,-5.09
420,0000,13594,-1.32,8.37,-5.05,0.40,1.52,-0.38,8.14,-6.68,-5.23
421,0000,13604,-1.33,8.39,-5.03,-0.31,1.36,-0.56,8.10,-7.04,-4.97
422,0000,13615,-1.28,8.41,-5.03,-0.77,1.29,-0.53,8.01,-6.59,-5.31
423,0000,13625,-1.28,8.35,-5.02,-0.87,1.32,-0.47,7.91,-7.19,-5.12
424,0000,13635,-1.29,8.39,-5.09,-0.07,1.37,-0.45,8.02,-7.06,-5.04
425,0000,13645,-1.26,8.37,-5.01,0.30,1.43,-0.66,7.79,-6.87,-5.45
426,0000,13655,-1.30,8.34,-5.07,0.74,1.45,-0.45,8.20,-7.53,-4.74
427,0000,13676,-1.29,8.40,-5.01,0.48,1.39,-0.52,8.29,-7.13,-5.48
428,0000,13686,-1.29,8.38,-5.01,-0.05,1.45,-0.35,7.99,-7.53,-5.23
429,0000,13696,-1.31,8.36,-5.17,-0.30,1.36,-0.46,7.76,-6.97,-5.44
430,0000,13706,-1.31,8.34,-5.03,-0.47,1.34,-0.59,8.30,-7.32,-4.98
431,0000,13716,-1.25,8.41,-5.03,-2.22,1.29,-0.59,8.49,-6.88,-4.87
432,0000,13726,-1.31,8.37,-5.06,0.18,1.29,-0.37,7.31,-6.80,-4.65
433,0000,13747,-1.29,8.37,-5.05,0.39,1.56,-0.39,8.01,-6.93,-4.44
434,0000,13757,-1.30,8.35,-5.07,0.31,1.53,-0.60,7.66,-7.25,-4.30
435,0000,13780,-1.30,8.35,-5.02,-0.24,1.33,-0.43,7.99,-7.32,-5.45
436,0000,13791,-1.30,8.38,-5.02,-0.25,1.57,-0.50,8.17,-7.00,-4.72
437,0000,13801,-1.30,8.38,-5.11,-0.16,1.29,-0.55,8.71,-6.58,-4.87
438,0000,13811,-1.33,8.37,-5.04,0.64,1.74,-0.71,7.82,-6.96,-5.12
439,0000,13821,-1.33,8.35,-5.07,0.50,1.56,-0.68,7.80,-7.88,-4.55
440,0000,13831,-1.30,8.35,-5.02,0.42,1.41,-0.43,7.72,-6.81,-4.37
441,0000,13841,-1.30,8.38,-5.05,0.24,1.42,-0.67,7.89,-6.69,-4.44
442,0000,13862,-1.32,8.34,-5.07,-0.37,1.44,-0.46,7.63,-6.72,-4.75
443,0000,13872,-1.32,8.36,-5.20,-0.12,1.47,-0.55,7.57,-7.51,-4.81
444,0000,13882,-1.37,8.37,-5.08,0.06,1.59,-0.38,7.86,-6.65,-4.53
445,0000,13892,-1.35,8.38,-5.08,0.47,1.44,-0.49,8.20,-7.09,-4.40
446,0000,13902,-1.37,8.36,-5.05,0.46,1.50,-0.42,8.56,-6.77,-4.22
447,0000,13912,-1.34,8.34,-5.06,0.11,1.37,-0.50,8.14,-6.85,-4.02
448,0000,13933,-1.31,8.40,-5.07,-0.24,1.57,-0.38,8.16,-6.53,-4.44
449,0000,13943,-1.31,8.38,-5.06,-0.42,1.36,-0.86,8.27,-7.50,-4.62
450,0000,13953,-1.28,8.37,-5.07,0.04,1.35,-0.68,7.98,-7.06,-4.84
451,0000,13963,-1.33,8.38,-5.05,0.17,1.50,-0.57,7.97,-7.03,-4.22
452,0000,13973,-1.30,8.37,-5.04,0.41,1.49,-0.52,8.26,-7.00,-4.22
453,0000,13983,-1.28,8.38,-5.04,0.38,1.31,-0.62,8.74,-6.65,-4.34
454,0000,14004,-1.30,8.39,-5.06,0.06,1.60,-0.45,8.01,-7.13,-3.79
455,0000,14014,-1.32,8.40,-5.07,-0.15,1.38,-0.56,8.07,-6.77,-4.60
456,0000,14025,-1.32,8.36,-5.09,-0.15,1.42,-0.44,8.08,-7.13,-4.34
457,0000,14035,-1.30,8.35,-5.06,0.12,1.55,-0.64,8.23,-6.68,-4.84
458,0000,14045,-1.33,8.35,-5.06,0.32,1.42,-0.72,7.92,-6.74,-5.51
459,0000,14055,-1.31,8.37,-5.08,0.04,1.43,-0.45,8.20,-6.62,-5.31
460,0000,14065,-1.30,8.38,-5.04,0.10,1.36,-0.31,8.45,-6.88,-4.90
461,0000,14075,-1.32,8.35,-5.04,-0.10,1.28,-0.57,7.95,-6.97,-5.01
462,0000,14096,-1.29,8.38,-5.04,0.06,1.54,-0.59,8.02,-6.50,-4.85
463,0000,14106,-1.30,8.34,-5.08,0.30,1.49,-0.44,8.07,-6.68,-4.30
464,0000,14116,-1.29,8.36,-5.06,0.35,1.48,-0.55,8.02,-6.24,-4.76
465,0000,14127,-1.28,8.42,-5.00,0.29,1.32,-0.57,7.98,-6.72,-5.28
466,0000,14137,-1.28,8.38,-5.03,-0.10,1.46,-0.61,8.49,-6.68,-5.71
467,0000,14147,-1.29,8.36,-5.02,-0.17,1.41,-0.66,8.48,-6.45,-5.61
468,0000,14157,-1.31,8.39,-5.08,-0.24,1.55,-0.29,7.97,-7.04,-5.25
469,0000,14167,-1.32,8.35,-5.04,-0.13,1.50,-0.57,7.95,-6.65,-5.14
470,0000,14188,-1.32,8.37,-5.05,0.43,1.49,-0.50,7.73,-6.87,-5.38
471,0000,14198,-1.32,8.36,-5.04,0.15,1.72,-0.58,8.23,-6.20,-5.80
472,0000,14208,-1.32,8.37,-5.04,-0.18,1.41,-0.58,7.23,-7.03,-5.47
473,0000,14218,-1.31,8.38,-5.07,-0.38,1.44,-0.47,7.82,-6.53,-5.54
474,0000,14228,-1.32,8.39,-5.10,-0.26,1.46,-0.52,7.59,-6.93,-5.04
475,0000,14238,-1.31,8.35,-5.02,-0.38,1.56,-0.58,7.59,-6.80,-4.46
476,0000,14259,-1.30,8.38,-5.02,0.45,1.51,-0.68,7.57,-7.10,-4.66
477,0000,14269,-1.30,8.38,-5.09,0.34,1.37,-0.61,8.08,-6.75,-5.44
478,0000,14279,-1.28,8.39,-5.04,0.18,1.57,-0.64,7.64,-7.18,-4.71
479,0000,14289,-1.32,8.37,-5.07,-0.16,1.54,-0.54,7.53,-7.13,-5.32
480,0000,14299,-1.31,8.37,-5.06,-0.09,1.33,-0.45,7.72,-6.24,-4.78
481,0000,14309,-1.29,8.37,-5.02,-0.24,1.51,-0.71,7.60,-6.87,-5.04
482,0000,14330,-1.29,8.39,-5.16,0.39,1.43,-0.59,7.88,-7.03,-4.97
483,0000,14340,-1.32,8.37,-5.08,0.43,1.44,-0.51,7.88,-7.47,-4.66
484,0000,14350,-1.32,8.37,-5.03,0.34,1.51,-0.47,7.89,-6.93,-3.96
485,0000,14360,-1.31,8.35,-5.01,0.05,1.35,-0.70,7.82,-6.94,-3.62
486,0000,14370,-1.31,8.35,-5.04,-0.30,1.27,-0.66,7.67,-7.28,-4.47
487,0000,14380,-1.31,8.37,-5.05,-0.34,1.57,-0.54,7.38,-7.12,-4.88
488,0000,14401,-1.32,8.40,-5.08,0.35,1.54,-0.60,7.73,-6.72,-5.55
489,0000,14411,-1.33,8.38,-5.04,0.65,1.52,-0.43,7.80,-6.91,-4.66
490,0000,14421,-1.34,8.37,-5.09,0.38,1.41,-0.59,8.08,-6.68,-5.42
491,0000,14431,-1.29,8.36,-4.97,0.01,1.39,-0.53,7.80,-6.28,-4.49
492,0000,14441,-1.30,8.37,-5.02,-0.21,1.46,-0.65,7.85,-6.96,-4.27
493,0000,14451,-1.29,8.38,-5.05,-0.29,1.43,-0.48,7.80,-5.89,-4.49
494,0000,14472,-1.30,8.36,-5.11,0.24,1.43,-0.67,7.86,-7.25,-4.24
495,0000,14482,-1.29,8.36,-5.03,0.35,1.34,-0.50,8.32,-6.30,-5.55
496,0000,14492,-1.30,8.35,-5.07,0.37,1.46,-0.57,7.94,-6.58,-4.76
497,0000,14515,-1.32,8.38,-5.04,-0.11,1.48,-0.59,7.86,-6.07,-4.62
498,0000,14526,-1.31,8.38,-5.07,-0.17,1.33,-0.50,7.95,-6.27,-4.27
499,0000,14537,-1.30,8.39,-5.07,-0.28,1.44,-0.34,8.05,-6.65,-4.37
500,0000,14547,-1.32,8.38,-5.05,0.04,1.57,-0.49,8.18,-6.26,-4.68
501,0000,14557,-1.30,8.38,-5.08,0.29,1.26,-0.51,7.95,-6.94,-4.59
502,0000,14567,-1.31,8.35,-5.05,0.56,1.49,-0.71,8.13,-6.43,-4.84
503,0000,14577,-1.33,8.36,-5.07,0.24,1.40,-0.60,8.05,-6.69,-4.31
504,0000,14587,-1.31,8.38,-5.03,-0.05,1.58,-0.53,8.23,-7.31,-4.69
505,0000,14608,-1.31,8.37,-5.06,-0.17,1.46,-0.47,7.97,-6.68,-4.18
506,0000,14618,-1.34,8.36,-5.08,0.40,1.57,-0.45,8.48,-5.93,-4.75
507,0000,14628,-1.29,8.34,-5.04,0.23,1.38,-1.03,8.30,-6.47,-3.95
508,0000,14639,-1.31,8.34,-5.06,0.55,1.50,-0.56,8.14,-6.31,-5.00
509,0000,14649,-1.27,8.38,-5.02,0.33,1.61,-0.62,8.05,-5.95,-5.25
510,0000,14659,-1.34,8.38,-5.05,-0.11,1.52,-0.48,7.97,-6.11,-5.23
511,0000,14669,-1.30,8.36,-5.05,-0.04,1.22,-0.48,8.54,-5.79,-5.13
512,0000,14679,-1.30,8.37,-5.05,-0.22,1.37,-0.35,8.74,-6.11,-5.28
513,0000,14700,-1.30,8.36,-5.01,0.27,1.24,-0.40,8.23,-5.80,-6.08
514,0000,14710,-1.31,8.39,-5.06,0.27,1.45,-0.58,8.18,-6.36,-5.98
515,0000,14720,-1.31,8.37,-5.02,0.33,1.53,-0.55,8.21,-6.26,-4.85
516,0000,14730,-1.30,8.37,-5.07,0.27,1.42,-0.63,8.42,-5.58,-5.85
517,0000,14740,-1.31,8.36,-5.04,0.03,1.44,-0.47,8.17,-6.34,-5.54
518,0000,14750,-1.29,8.35,-5.02,-0.11,1.32,-0.68,8.27,-5.73,-5.64
519,0000,14771,-1.30,8.38,-5.03,0.08,1.41,-0.56,8.26,-6.05,-5.10
520,0000,14781,-1.31,8.35,-5.04,0.38,1.50,-0.53,8.17,-6.09,-5.14
521,0000,14791,-1.34,8.35,-5.04,0.27,1.41,-0.80,7.97,-6.56,-5.69
522,0000,14801,-1.28,8.35,-5.01,0.18,1.24,-0.73,7.89,-6.17,-5.45
523,0000,14811,-1.29,8.36,-5.00,-0.20,1.55,-0.47,7.91,-6.47,-5.38
524,0000,14821,-1.30,8.39,-5.07,-0.08,1.38,-0.48,8.07,-6.21,-5.31
525,0000,14842,-1.30,8.39,-5.07,0.20,1.45,-0.43,8.26,-5.73,-5.51
526,0000,14852,-1.30,8.37,-5.03,0.24,1.53,-0.71,8.56,-5.67,-5.32
527,0000,14862,-1.26,8.41,-5.13,0.51,1.36,-0.56,8.13,-5.93,-4.97
528,0000,14872,-1.31,8.35,-4.95,0.08,1.52,-0.60,8.20,-6.36,-4.94
529,0000,14882,-1.31,8.39,-5.06,-0.10,1.48,-0.59,8.11,-5.85,-5.42
530,0000,14892,-1.30,8.36,-5.00,-0.38,1.40,-0.50,8.17,-6.43,-5.33
531,0000,14913,-1.31,8.38,-5.07,0.14,1.57,-0.47,8.16,-6.08,-4.75
532,0000,14923,-1.29,8.41,-5.05,0.81,1.57,-0.62,8.30,-6.66,-5.06
533,0000,14933,-1.30,8.36,-5.05,0.45,1.50,-0.64,8.49,-5.92,-5.01
534,0000,14943,-1.30,8.38,-5.01,0.44,1.64,-0.46,8.16,-6.49,-5.10
535,0000,14953,-1.30,8.35,-5.04,-0.10,1.52,-0.73,8.26,-6.50,-5.36
536,0000,14963,-1.28,8.40,-5.10,-0.09,1.40,-0.56,8.02,-6.72,-5.58
537,0000,14984,-1.33,8.34,-5.08,0.04,1.80,-0.49,8.40,-6.31,-5.35
538,0000,14994,-1.30,8.36,-5.02,0.31,1.49,-0.37,7.57,-6.56,-5.19
539,0000,15004,-1.31,8.37,-5.03,0.28,1.41,-0.56,7.95,-6.47,-5.16
540,0000,15014,-1.30,8.37,-5.04,0.37,1.50,-0.45,8.16,-5.70,-5.17
541,0000,15024,-1.31,8.37,-5.06,-0.07,1.48,-0.58,8.01,-6.62,-4.62
542,0000,15034,-1.29,8.37,-5.08,-0.52,1.29,-0.62,8.35,-6.07,-5.29
543,0000,15055,-1.31,8.36,-5.05,0.00,1.31,-0.58,8.21,-6.66,-5.31
544,0000,15065,-1.31,8.37,-5.01,0.39,1.65,-0.65,8.20,-5.96,-5.60
545,0000,15075,-1.33,8.39,-5.08,0.57,1.63,-0.49,8.10,-6.71,-4.97
546,0000,15085,-1.29,8.38,-5.04,0.45,1.43,-0.62,7.98,-6.47,-4.93
547,0000,15095,-1.32,8.38,-5.04,0.14,1.50,-0.42,8.05,-6.62,-5.12
548,0000,15105,-1.32,8.36,-5.04,-0.65,1.50,-0.64,7.47,-6.50,-5.38
549,0000,15126,-1.29,8.38,-5.04,-0.15,1.43,-0.49,7.99,-6.68,-4.15
550,0000,15136,-1.27,8.37,-5.05,0.31,1.33,-0.51,8.46,-7.06,-4.57
551,0000,15147,-1.28,8.38,-5.09,0.39,1.52,-0.70,8.30,-6.68,-4.66
552,0000,15157,-1.28,8.38,-5.05,0.45,1.41,-0.53,7.88,-7.38,-5.12
553,0000,15167,-1.30,8.36,-5.01,0.41,1.50,-0.55,8.05,-6.11,-5.54
554,0000,15177,-1.27,8.37,-4.99,-0.08,1.64,-0.48,7.95,-6.40,-5.35
555,0000,15187,-1.29,8.37,-5.04,-0.57,1.33,-0.45,8.16,-5.88,-5.07
556,0000,15197,-1.30,8.39,-5.04,-0.57,1.53,-0.55,8.07,-6.20,-5.51
557,0000,15218,-1.30,8.37,-5.08,0.20,1.37,-0.54,8.21,-6.02,-5.25
558,0000,15228,-1.31,8.37,-5.04,0.51,1.49,-0.52,8.04,-6.36,-5.58
559,0000,15251,-1.31,8.38,-5.04,0.31,1.42,-0.50,7.51,-6.94,-4.76
560,0000,15262,-1.34,8.34,-5.06,-0.32,1.20,-0.77,7.72,-6.52,-4.87
561,0000,15272,-1.29,8.38,-5.02,-0.20,1.44,-0.47,8.01,-6.59,-4.66
562,0000,15282,-1.32,8.36,-5.06,-0.21,1.19,-0.51,7.98,-6.66,-5.09
563,0000,15292,-1.32,8.35,-5.07,0.10,1.43,-0.55,7.98,-7.18,-4.91
564,0000,15302,-1.32,8.40,-5.09,0.54,1.50,-0.61,8.02,-6.04,-4.98
565,0000,15312,-1.35,8.32,-5.05,0.72,1.51,-0.62,7.70,-6.24,-5.03
566,0000,15333,-1.31,8.36,-5.02,-0.26,1.37,-0.53,7.97,-6.36,-4.79
567,0000,15343,-1.33,8.37,-5.06,-0.42,1.46,-0.40,7.64,-6.78,-5.20
568,0000,15353,-1.31,8.38,-5.02,-0.69,1.38,-0.59,8.07,-6.34,-5.32
569,0000,15363,-1.33,8.35,-5.08,0.02,1.49,-0.51,8.68,-6.08,-5.38
570,0000,15373,-1.33,8.36,-5.09,0.42,1.27,-0.54,7.76,-6.30,-4.95
571,0000,15383,-1.29,8.35,-5.06,0.84,1.47,-0.78,7.69,-6.21,-5.55
572,0000,15404,-1.27,8.38,-5.18,0.10,1.57,-0.52,8.29,-6.07,-4.91
573,0000,15414,-1.31,8.35,-5.01,-0.31,1.51,-0.32,7.99,-6.12,-5.47
574,0000,15424,-1.32,8.38,-5.06,-0.62,1.38,-0.37,8.17,-6.81,-4.88
575,0000,15434,-1.32,8.37,-5.07,-0.41,1.42,-0.56,8.59,-6.14,-5.10
576,0000,15444,-1.29,8.36,-5.06,-0.03,1.50,-0.51,8.37,-6.52,-4.78
577,0000,15455,-1.31,8.39,-5.08,0.87,1.46,-0.54,8.52,-6.36,-4.41
578,0000,15465,-1.34,8.38,-5.06,0.97,1.52,-0.45,8.90,-6.69,-5.22
579,0000,15475,-1.30,8.37,-5.03,0.79,1.53,-0.43,7.85,-6.96,-4.47
580,0000,15496,-1.31,8.36,-5.02,-0.24,1.35,-0.38,8.17,-6.77,-5.17
581,0000,15506,-1.29,8.35,-5.03,-0.67,1.36,-0.40,7.80,-6.78,-4.60
582,0000,15516,-1.30,8.39,-5.08,-0.27,1.40,-0.67,8.11,-6.40,-4.95
583,0000,15526,-1.32,8.37,-5.10,0.14,1.50,-0.43,8.04,-6.17,-5.12
584,0000,15536,-1.31,8.39,-5.11,0.66,1.57,-0.76,8.17,-6.65,-5.12
585,0000,15546,-1.30,8.37,-5.03,1.01,1.55,-0.59,8.08,-6.56,-5.07
586,0000,15567,-1.28,8.36,-4.99,-0.08,1.38,-0.52,8.27,-6.28,-5.50
587,0000,15577,-1.32,8.37,-5.03,-0.46,1.50,-0.53,7.99,-6.09,-5.20
588,0000,15587,-1.31,8.38,-5.07,-0.63,1.39,-0.63,8.05,-6.87,-4.94
589,0000,15597,-1.30,8.38,-5.07,-0.38,1.24,-0.50,8.49,-6.58,-5.01
590,0000,15608,-1.29,8.36,-5.03,0.31,1.42,-0.50,8.11,-7.32,-4.52
591,0000,15618,-1.29,8.36,-5.03,0.56,1.32,-0.45,8.11,-6.53,-3.83
592,0000,15628,-1.29,8.39,-5.04,0.54,1.75,-0.61,8.05,-6.85,-5.25
593,0000,15638,-1.28,8.41,-5.05,0.10,1.48,-0.53,8.11,-6.71,-5.22
594,0000,15659,-1.31,8.38,-5.02,-0.29,1.35,-0.64,7.98,-7.18,-4.82
595,0000,15669,-1.29,8.35,-5.03,-0.40,1.37,-0.60,8.23,-6.72,-5.10
596,0000,15679,-1.31,8.39,-5.05,0.19,1.64,-0.48,7.75,-6.75,-4.88
597,0000,15689,-1.28,8.38,-5.02,0.28,1.55,-0.55,7.61,-7.38,-4.49
598,0000,15699,-1.31,8.38,-5.04,0.72,1.56,-0.60,7.78,-6.53,-4.41
599,0000,15709,-1.34,8.39,-5.03,0.49,1.38,-0.43,7.51,-6.84,-4.18
600,0000,15730,-1.31,8.37,-5.02,-0.61,1.46,-0.44,7.85,-6.75,-4.21
601,0000,15740,-1.29,8.36,-5.02,-0.45,1.51,-0.69,7.70,-7.21,-4.53
602,0000,15750,-1.32,8.38,-5.06,-0.39,1.31,-0.68,8.11,-6.23,-4.95
603,0000,15761,-1.31,8.36,-5.06,0.31,1.36,-0.58,7.80,-6.80,-4.68
604,0000,15771,-1.31,8.41,-5.05,0.73,1.53,-0.56,8.23,-6.93,-4.59
605,0000,15781,-1.28,8.38,-5.00,0.77,1.58,-0.62,8.08,-6.66,-4.63
606,0000,15791,-1.30,8.38,-5.09,0.20,1.40,-0.38,7.61,-6.75,-4.56
607,0000,15801,-1.32,8.37,-5.03,-0.10,1.46,-0.55,8.40,-7.15,-4.22
608,0000,15822,-1.25,8.38,-5.03,-0.37,1.23,-0.49,8.08,-6.71,-5.12
609,0000,15832,-1.30,8.39,-5.00,-0.15,1.45,-0.57,7.80,-6.69,-5.01
610,0000,15842,-1.29,8.34,-5.06,0.31,1.78,-0.39,7.94,-6.46,-4.72
611,0000,15852,-1.30,8.39,-4.99,0.55,1.43,-0.22,7.79,-7.10,-4.57
612,0000,15863,-1.30,8.39,-5.09,0.33,1.53,-0.51,7.63,-6.31,-4.87
613,0000,15873,-1.29,8.38,-5.00,0.06,1.43,-0.47,8.14,-6.71,-4.69
614,0000,15883,-1.32,8.38,-5.07,-0.37,1.43,-0.62,8.01,-5.99,-4.74
615,0000,15893,-1.31,8.39,-5.04,-0.04,1.38,-0.61,8.11,-6.39,-4.36
616,0000,15914,-1.31,8.39,-5.02,0.05,1.60,-0.60,8.01,-6.05,-4.05
617,0000,15924,-1.28,8.38,-5.04,0.26,1.31,-0.54,7.99,-6.39,-4.24
618,0000,15934,-1.31,8.35,-5.02,0.41,1.63,-0.46,8.07,-6.08,-4.34
619,0000,15944,-1.31,8.37,-5.01,0.22,1.62,-0.42,8.11,-6.53,-4.06
620,0000,15967,-1.31,8.38,-5.07,0.02,1.40,-0.63,8.16,-6.62,-4.18
621,0000,15978,-1.30,8.38,-5.01,-0.04,1.55,-0.51,8.04,-6.47,-4.46
622,0000,15988,-1.28,8.39,-5.02,0.17,1.37,-0.62,7.99,-6.78,-5.55
623,0000,15998,-1.33,8.35,-5.02,0.43,1.56,-0.45,8.13,-6.27,-5.32
624,0000,16008,-1.26,8.38,-5.04,0.32,1.56,-0.60,7.92,-6.93,-5.12
625,0000,16018,-1.29,8.37,-5.01,0.06,1.28,-0.45,8.24,-7.25,-4.55
626,0000,16028,-1.29,8.34,-5.01,-0.16,1.44,-0.64,7.72,-6.87,-4.11
627,0000,16049,-1.29,8.35,-5.03,-0.31,1.55,-0.48,8.14,-5.98,-4.38
628,0000,16059,-1.26,8.38,-5.03,0.19,1.57,-0.51,7.85,-6.66,-4.15
629,0000,16069,-1.27,8.39,-5.06,0.18,1.52,-0.69,8.07,-6.05,-4.43
630,0000,16079,-1.28,8.38,-5.04,0.35,1.64,-0.51,7.89,-6.45,-5.25
631,0000,16089,-1.31,8.34,-5.01,0.49,1.49,-0.42,8.02,-6.20,-4.59
632,0000,16099,-1.30,8.40,-5.05,0.19,1.60,-0.50,8.43,-6.02,-4.76
633,0000,16120,-1.30,8.38,-5.06,-0.27,1.51,-0.49,8.13,-6.18,-4.85
634,0000,16130,-1.30,8.41,-5.04,-0.07,1.20,-0.56,8.07,-6.18,-5.23
635,0000,16140,-1.34,8.38,-5.06,0.10,1.48,-0.53,7.48,-6.27,-4.56
636,0000,16150,-1.34,8.37,-5.07,0.21,1.47,-0.49,7.83,-5.69,-4.27
637,0000,16160,-1.28,8.37,-5.02,0.15,1.38,-0.64,8.02,-6.49,-5.13
638,0000,16171,-1.29,8.39,-5.04,0.03,1.49,-0.45,7.99,-5.88,-5.09
639,0000,16181,-1.29,8.34,-5.01,0.13,1.36,-0.63,8.20,-6.17,-5.36
640,0000,16191,-1.31,8.38,-5.09,0.02,1.30,-0.41,7.67,-6.55,-4.71
641,0000,16212,-1.28,8.37,-5.07,0.10,1.43,-0.73,8.02,-6.27,-5.41
642,0000,16222,-1.31,8.39,-5.02,0.32,1.57,-0.60,7.91,-6.52,-5.17
643,0000,16232,-1.30,8.41,-5.05,0.10,1.42,-0.59,8.11,-6.45,-4.78
644,0000,16242,-1.29,8.37,-5.04,0.15,1.36,-0.61,7.91,-6.56,-4.50
645,0000,16252,-1.30,8.38,-5.04,0.04,1.63,-0.59,8.13,-6.42,-3.95
646,0000,16262,-1.30,8.33,-5.04,0.08,1.37,-0.64,7.78,-6.14,-4.59
647,0000,16283,-1.30,8.35,-5.04,0.28,1.70,-0.37,7.99,-6.53,-5.00
648,0000,16293,-1.31,8.36,-5.05,0.12,1.42,-0.46,7.85,-6.31,-5.25
649,0000,16303,-1.28,8.38,-5.05,0.36,1.37,-0.48,8.10,-6.27,-5.29
650,0000,16313,-1.33,8.40,-5.07,0.02,1.43,-0.66,7.98,-6.39,-5.33
651,0000,16323,-1.31,8.32,-5.05,0.14,1.41,-0.56,7.70,-6.75,-5.63
652,0000,16333,-1.31,8.34,-5.05,-0.04,1.50,-0.43,7.56,-6.43,-5.07
653,0000,16354,-1.31,8.39,-5.10,0.43,1.33,-0.52,7.78,-6.23,-4.94
654,0000,16364,-1.33,8.37,-5.04,0.23,1.35,-0.60,7.89,-6.21,-4.43
655,0000,16375,-1.32,8.39,-5.06,0.22,1.50,-0.67,7.80,-7.07,-4.03
656,0000,16385,-1.28,8.38,-5.02,0.12,1.30,-0.57,7.60,-6.55,-5.03
657,0000,16395,-1.27,8.35,-5.00,-0.30,1.23,-0.48,7.28,-6.74,-5.07
658,0000,16405,-1.29,8.37,-5.05,-0.17,1.62,-0.45,7.76,-6.52,-5.04
659,0000,16415,-1.30,8.41,-5.04,-0.14,1.44,-0.62,7.98,-5.98,-4.72
660,0000,16425,-1.28,8.39,-5.06,0.18,1.49,-0.59,7.53,-6.75,-4.34
661,0000,16446,-1.29,8.35,-5.02,0.54,1.40,-0.49,7.19,-6.66,-4.79
662,0000,16456,-1.33,8.37,-5.02,0.24,1.53,-0.40,7.85,-6.68,-4.59
663,0000,16466,-1.30,8.38,-5.02,-0.17,1.51,-0.56,8.65,-6.55,-4.46
664,0000,16477,-1.31,8.37,-5.04,-0.23,1.31,-0.59,8.24,-6.74,-4.90
665,0000,16487,-1.29,8.38,-5.06,-0.13,1.35,-0.40,8.56,-6.84,-4.50
666,0000,16497,-1.32,8.36,-5.06,0.07,1.40,-0.53,8.39,-6.33,-5.22
667,0000,16507,-1.29,8.39,-5.04,0.45,1.37,-0.69,8.14,-6.91,-5.10
668,0000,16517,-1.28,8.37,-5.01,0.59,1.58,-0.52,8.46,-6.65,-5.12
669,0000,16538,-1.31,8.35,-5.01,0.44,1.48,-0.29,8.30,-6.97,-4.62
670,0000,16548,-1.31,8.37,-5.03,-0.12,1.42,-0.39,7.88,-6.45,-4.74
671,0000,16558,-1.30,8.39,-4.99,-0.54,1.26,-0.73,7.79,-6.77,-4.81
672,0000,16568,-1.31,8.34,-5.01,-0.43,1.32,-0.55,8.14,-6.97,-4.95
673,0000,16578,-1.31,8.37,-5.07,-0.12,1.43,-0.45,7.75,-6.33,-4.72
674,0000,16588,-1.30,8.38,-5.06,0.10,1.44,-0.67,7.99,-6.90,-4.88
675,0000,16609,-1.28,8.39,-5.00,0.54,1.42,-0.65,7.88,-6.74,-5.20
676,0000,16619,-1.30,8.39,-5.00,0.12,1.51,-0.31,8.14,-6.87,-4.75
677,0000,16629,-1.29,8.38,-5.02,-0.32,1.46,-0.57,8.02,-6.34,-5.22
678,0000,16639,-1.32,8.34,-5.01,-0.30,1.35,-0.37,8.39,-6.68,-5.35
679,0000,16649,-1.29,8.37,-5.08,-0.39,1.45,-0.62,8.24,-6.23,-4.37
680,0000,16659,-1.31,8.38,-5.04,-0.06,1.45,-0.50,8.02,-6.34,-5.06
681,0000,16680,-1.28,8.39,-5.03,0.62,1.43,-0.40,8.04,-6.42,-5.67
682,0000,16703,-1.29,8.35,-5.04,-0.02,1.62,-0.47,8.59,-6.97,-4.72
683,0000,16714,-1.27,8.38,-5.01,-0.39,1.39,-0.55,8.36,-6.69,-4.91
684,0000,16724,-1.30,8.38,-5.03,-0.42,1.43,-0.53,8.42,-7.09,-5.28
685,0000,16734,-1.29,8.41,-5.09,0.07,1.52,-0.37,8.51,-6.62,-5.12
686,0000,16744,-1.29,8.36,-5.02,0.38,1.39,-0.44,8.29,-6.42,-5.17
687,0000,16755,-1.28,8.34,-5.04,0.62,1.43,-0.52,8.27,-6.80,-5.10
688,0000,16765,-1.28,8.39,-5.04,0.58,1.57,-0.45,8.16,-6.31,-5.38
689,0000,16775,-1.28,8.40,-5.04,0.19,1.61,-0.46,8.24,-6.84,-5.35
690,0000,16786,-1.30,8.39,-5.04,-0.32,1.43,-0.67,8.59,-6.71,-5.01
691,0000,16796,-1.34,8.38,-5.08,-0.50,1.44,-0.60,7.95,-6.83,-5.48
692,0000,16817,-1.30,8.40,-5.07,0.15,1.28,-0.51,7.88,-6.34,-5.42
693,0000,16827,-1.30,8.39,-5.05,0.35,1.23,-0.42,8.11,-6.53,-5.73
694,0000,16837,-1.34,8.39,-5.09,0.45,1.57,-0.50,8.08,-6.96,-5.79
695,0000,16847,-1.29,8.38,-4.98,0.10,1.71,-0.55,8.24,-6.53,-5.79
696,0000,16857,-1.30,8.38,-5.06,-0.17,1.22,-0.65,8.45,-7.07,-5.22
697,0000,16867,-1.28,8.38,-5.05,-0.29,1.33,-0.61,8.21,-6.37,-5.01
698,0000,16888,-1.31,8.37,-5.06,0.14,1.39,-0.64,8.40,-6.69,-5.04
699,0000,16898,-1.30,8.40,-5.07,0.35,1.07,-0.59,8.39,-5.82,-5.57
700,0000,16908,-1.29,8.37,-5.04,0.33,1.56,-0.64,8.33,-6.43,-5.28
701,0000,16918,-1.28,8.37,-5.03,0.13,1.42,-0.68,8.46,-6.30,-5.50
702,0000,16928,-1.30,8.37,-5.02,-0.14,1.44,-0.66,8.37,-6.46,-5.06
703,0000,16938,-1.27,8.36,-5.03,-0.16,1.50,-0.59,8.48,-6.21,-5.39
704,0000,16959,-1.33,8.40,-5.08,-0.08,1.52,-0.52,8.36,-6.97,-5.45
705,0000,16969,-1.30,8.37,-5.03,0.24,1.33,-0.49,8.52,-6.42,-5.14
706,0000,16979,-1.28,8.37,-5.04,0.28,1.64,-0.63,8.29,-5.96,-5.10
707,0000,16990,-1.30,8.37,-5.03,0.12,1.33,-0.64,8.33,-6.66,-5.64
708,0000,17000,-1.34,8.36,-5.06,-0.03,1.49,-0.49,8.48,-6.66,-5.38
709,0000,17010,-1.32,8.41,-5.09,-0.21,1.49,-0.64,8.58,-6.59,-5.23
710,0000,17020,-1.33,8.37,-5.03,0.08,1.46,-0.66,8.36,-6.99,-4.82
711,0000,17030,-1.33,8.38,-5.02,0.25,1.49,-0.50,8.51,-6.14,-5.38
712,0000,17051,-1.32,8.39,-5.08,0.27,1.47,-0.50,8.39,-6.34,-5.28
713,0000,17061,-1.29,8.37,-5.02,0.29,1.57,-0.36,8.27,-6.47,-5.74
714,0000,17071,-1.31,8.37,-5.09,0.07,1.36,-0.64,8.07,-6.62,-5.22
715,0000,17081,-1.31,8.39,-5.07,0.06,1.35,-0.49,8.21,-5.92,-5.69
716,0000,17091,-1.29,8.37,-5.03,-0.31,1.37,-0.55,8.68,-6.85,-5.48
717,0000,17101,-1.30,8.36,-5.02,-0.17,1.58,-0.49,8.89,-6.46,-5.52
718,0000,17122,-1.29,8.38,-5.06,0.38,1.43,-0.40,8.70,-6.12,-4.60
719,0000,17132,-1.31,8.37,-5.06,0.31,1.55,-0.40,8.18,-5.93,-5.04
720,0000,17142,-1.29,8.37,-5.06,0.41,1.54,-0.55,8.07,-6.55,-5.31
721,0000,17152,-1.31,8.36,-5.01,0.27,1.62,-0.52,8.43,-6.45,-4.74
722,0000,17162,-1.28,8.41,-5.02,-0.10,1.39,-0.51,8.23,-5.69,-4.97
723,0000,17172,-1.28,8.38,-5.01,-0.16,1.46,-0.42,8.29,-6.27,-4.94
724,0000,17193,-1.34,8.39,-5.01,0.04,1.35,-0.55,7.78,-5.79,-4.57
725,0000,17203,-1.31,8.41,-5.08,0.17,1.37,-0.39,8.11,-6.17,-4.43
726,0000,17213,-1.30,8.38,-5.01,0.22,1.58,-0.46,8.13,-6.49,-3.71
727,0000,17223,-1.28,8.37,-5.06,0.13,1.52,-0.50,8.51,-6.81,-3.93
728,0000,17233,-1.32,8.37,-5.01,0.24,1.50,-0.66,8.48,-6.36,-4.37
729,0000,17243,-1.26,8.39,-5.03,-0.19,1.36,-0.57,7.56,-7.12,-4.69
730,0000,17264,-1.27,8.39,-5.02,0.05,1.50,-0.53,8.01,-6.64,-5.10
731,0000,17274,-1.30,8.37,-5.06,0.13,1.57,-0.41,7.56,-7.25,-4.00
732,0000,17284,-1.29,8.37,-5.01,0.26,1.57,-0.59,8.35,-6.85,-4.66
733,0000,17294,-1.27,8.40,-5.02,0.26,1.49,-0.61,7.85,-7.00,-4.06
734,0000,17304,-1.32,8.35,-5.04,-0.20,1.50,-0.59,8.14,-6.78,-4.68
735,0000,17314,-1.29,8.42,-5.10,-0.02,1.45,-0.53,8.55,-6.33,-4.94
736,0000,17335,-1.29,8.36,-5.06,-0.06,1.63,-0.59,8.43,-6.37,-4.05
737,0000,17345,-1.30,8.37,-5.00,0.15,1.37,-0.57,8.32,-6.17,-4.38
738,0000,17355,-1.35,8.38,-5.07,0.13,1.49,-0.58,7.86,-6.66,-4.11
739,0000,17365,-1.29,8.38,-5.03,0.17,1.35,-0.51,8.05,-5.86,-4.24
740,0000,17375,-1.28,8.37,-5.09,0.15,1.55,-0.45,8.27,-6.91,-5.03
741,0000,17385,-1.29,8.40,-5.05,0.20,1.56,-0.53,8.07,-6.23,-4.87
742,0000,17406,-1.29,8.36,-5.04,0.17,1.47,-0.52,8.17,-6.84,-4.68
743,0000,17416,-1.28,8.36,-5.04,-0.10,1.52,-0.50,8.43,-6.46,-5.00
744,0000,17439,-1.30,8.39,-5.05,-0.13,1.48,-0.61,8.10,-6.66,-5.00
745,0000,17450,-1.29,8.40,-5.03,0.10,1.30,-0.48,8.46,-6.50,-5.01
746,0000,17460,-1.28,8.37,-5.04,0.19,1.45,-0.41,8.10,-6.42,-4.91
747,0000,17470,-1.31,8.38,-5.04,0.15,1.56,-0.56,8.73,-6.42,-4.81
748,0000,17480,-1.35,8.36,-5.08,0.17,1.44,-0.47,8.40,-6.23,-5.38
749,0000,17490,-1.31,8.33,-5.05,0.21,1.36,-0.41,8.23,-6.68,-5.07
750,0000,17501,-1.33,8.41,-4.99,0.07,1.64,-0.37,8.16,-6.20,-5.14
751,0000,17511,-1.33,8.37,-5.04,0.27,1.41,-0.40,7.86,-6.84,-5.20
752,0000,17521,-1.32,8.34,-5.03,0.04,1.48,-0.52,8.27,-6.36,-4.65
753,0000,17542,-1.28,8.37,-5.03,-0.02,1.40,-0.41,8.27,-6.56,-5.35
754,0000,17552,-1.29,8.37,-5.02,0.01,1.47,-0.49,8.14,-6.62,-4.79
755,0000,17562,-1.29,8.40,-5.03,0.10,1.44,-0.54,8.27,-6.07,-5.14
756,0000,17572,-1.32,8.37,-4.99,0.49,1.45,-0.46,7.69,-6.80,-4.88
757,0000,17582,-1.34,8.36,-5.09,0.29,1.37,-0.49,7.99,-6.01,-5.26
758,0000,17592,-1.29,8.38,-5.02,0.16,1.44,-0.67,7.61,-6.56,-4.88
759,0000,17613,-1.28,8.35,-5.02,0.14,1.30,-0.52,8.05,-6.15,-4.79
760,0000,17623,-1.33,8.39,-5.00,0.19,1.45,-0.52,8.35,-6.84,-5.19
761,0000,17633,-1.28,8.37,-5.07,0.14,1.43,-0.69,8.04,-5.98,-4.68
762,0000,17643,-1.29,8.38,-5.03,0.37,1.49,-0.53,8.01,-6.50,-4.33
763,0000,17653,-1.30,8.41,-5.04,0.35,1.54,-0.55,8.45,-6.12,-4.57
764,0000,17663,-1.32,8.38,-5.06,0.45,1.61,-0.36,8.30,-5.90,-5.25
765,0000,17684,-1.27,8.38,-5.01,0.04,1.51,-0.41,7.89,-6.17,-5.01
766,0000,17694,-1.29,8.38,-5.04,-0.15,1.53,-0.64,7.76,-6.62,-4.76
767,0000,17704,-1.28,8.38,-5.07,0.09,1.50,-0.59,7.85,-6.18,-4.74
768,0000,17714,-1.29,8.40,-5.10,-0.28,1.57,-0.64,7.89,-6.52,-5.01
769,0000,17724,-1.29,8.37,-5.03,0.17,1.53,-0.37,7.64,-7.02,-5.03
770,0000,17734,-1.30,8.37,-5.09,0.45,1.45,-0.60,7.89,-6.21,-4.84
771,0000,17755,-1.34,8.39,-5.07,0.12,1.44,-0.54,7.85,-6.65,-5.16
772,0000,17765,-1.33,8.37,-5.03,0.06,1.50,-0.60,7.89,-5.99,-5.32
773,0000,17775,-1.32,8.37,-5.08,0.08,1.44,-0.76,7.88,-6.75,-5.13
774,0000,17785,-1.31,8.38,-5.07,-0.02,1.31,-0.57,7.99,-6.24,-4.90
775,0000,17795,-1.30,8.39,-5.04,0.02,1.48,-0.59,8.17,-6.24,-5.48
776,0000,17805,-1.29,8.38,-5.02,-0.04,1.49,-0.52,8.43,-6.34,-5.47
777,0000,17826,-1.31,8.36,-5.06,0.23,1.37,-0.43,8.23,-6.90,-4.56
778,0000,17836,-1.31,8.38,-5.05,0.27,1.43,-0.66,8.02,-6.56,-5.04
779,0000,17846,-1.28,8.39,-5.04,0.17,1.52,-0.42,8.07,-7.12,-5.12
780,0000,17856,-1.30,8.38,-5.02,0.18,1.43,-0.65,8.36,-7.00,-4.72
781,0000,17866,-1.28,8.38,-5.04,0.10,1.52,-0.67,8.49,-5.92,-4.02
782,0000,17876,-1.30,8.36,-5.01,-0.04,1.43,-0.59,8.32,-7.23,-4.87
783,0000,17897,-1.30,8.38,-5.00,0.19,1.49,-0.43,8.33,-6.30,-5.00
784,0000,17907,-1.31,8.35,-5.07,0.17,1.46,-0.55,8.05,-6.96,-5.32
785,0000,17917,-1.31,8.38,-5.01,0.16,1.67,-0.47,8.30,-6.33,-5.20
786,0000,17927,-1.30,8.38,-5.04,0.10,1.50,-0.70,7.91,-6.59,-5.13
787,0000,17937,-1.29,8.35,-5.01,-0.01,1.38,-0.69,8.07,-6.61,-5.45
788,0000,17947,-1.30,8.36,-5.03,0.01,1.40,-0.56,7.99,-6.26,-5.16
789,0000,17968,-1.31,8.39,-5.02,0.17,1.43,-0.52,7.95,-6.20,-4.90
790,0000,17978,-1.31,8.36,-5.07,-0.06,1.47,-0.60,8.10,-6.72,-5.36
791,0000,17988,-1.28,8.37,-4.99,-0.01,1.42,-0.51,7.99,-6.81,-4.94
792,0000,17998,-1.28,8.39,-5.10,-0.03,1.41,-0.39,7.89,-6.50,-5.64
793,0000,18008,-1.28,8.39,-5.05,-0.01,1.42,-0.72,7.92,-6.65,-4.88
794,0000,18019,-1.29,8.38,-5.03,0.33,1.49,-0.36,8.18,-6.28,-4.90
795,0000,18029,-1.30,8.38,-5.05,0.04,1.58,-0.35,7.99,-5.98,-5.32
796,0000,18039,-1.30,8.38,-4.99,0.35,1.48,-0.54,8.26,-6.45,-5.64
797,0000,18060,-1.32,8.35,-5.02,-0.06,1.48,-0.54,7.99,-6.42,-5.23
798,0000,18070,-1.33,8.37,-5.06,-0.29,1.36,-0.42,7.83,-6.52,-4.24
799,0000,18080,-1.32,8.37,-5.02,-0.13,1.44,-0.66,7.98,-5.85,-5.12
800,0000,18090,-1.31,8.34,-5.04,-0.04,1.35,-0.52,7.59,-6.33,-5.31
801,0000,18100,-1.30,8.37,-5.05,-0.04,1.50,-0.53,8.23,-6.04,-5.35
802,0000,18110,-1.29,8.33,-5.02,0.30,1.53,-0.75,7.75,-6.53,-5.04
803,0000,18131,-1.30,8.38,-5.04,0.11,1.49,-0.36,8.46,-6.27,-4.87
804,0000,18141,-1.29,8.38,-5.05,0.18,1.48,-0.42,8.40,-6.80,-5.14
805,0000,18151,-1.31,8.35,-4.90,0.07,1.36,-0.73,8.40,-5.69,-4.91
806,0000,18174,-1.31,8.37,-5.00,0.27,1.28,-0.51,8.07,-6.56,-6.15
807,0000,18185,-1.31,8.33,-5.02,0.30,1.50,-0.61,8.35,-6.09,-5.14
808,0000,18195,-1.31,8.39,-5.03,-0.10,1.48,-0.41,7.95,-6.47,-5.12
809,0000,18205,-1.30,8.37,-5.04,-0.04,1.53,-0.56,8.13,-6.27,-5.10
810,0000,18215,-1.31,8.37,-5.05,0.25,1.51,-0.59,8.16,-5.70,-4.81
811,0000,18225,-1.29,8.35,-5.04,0.11,1.51,-0.43,7.76,-5.88,-4.95
812,0000,18235,-1.33,8.37,-5.06,-0.07,1.34,-0.59,8.05,-5.50,-5.29
813,0000,18256,-1.31,8.39,-5.03,0.34,1.57,-0.59,7.80,-6.87,-5.41
814,0000,18266,-1.30,8.36,-5.02,0.16,1.32,-0.53,7.97,-5.63,-5.19
815,0000,18276,-1.29,8.37,-5.00,0.29,1.54,-0.46,7.54,-6.42,-4.33
816,0000,18286,-1.29,8.38,-5.06,0.07,1.22,-0.43,8.35,-6.52,-4.47
817,0000,18296,-1.29,8.37,-5.04,-0.07,1.28,-0.45,7.61,-5.89,-5.12
818,0000,18306,-1.31,8.38,-5.09,-0.35,1.50,-0.57,8.02,-6.64,-5.13
819,0000,18327,-1.30,8.35,-4.91,0.34,1.49,-0.62,7.92,-5.70,-5.38
820,0000,18337,-1.29,8.36,-5.01,0.12,1.44,-0.67,7.69,-6.17,-4.79
821,0000,18347,-1.28,8.40,-5.03,0.51,1.56,-0.60,7.88,-5.90,-5.13
822,0000,18357,-1.27,8.39,-5.06,0.42,1.47,-0.45,7.70,-6.78,-5.23
823,0000,18367,-1.31,8.35,-5.02,-0.13,1.38,-0.40,8.05,-6.21,-4.90
824,0000,18377,-1.29,8.40,-5.02,-0.05,1.50,-0.39,7.38,-5.73,-5.47
825,0000,18398,-1.29,8.39,-5.00,-0.36,1.26,-0.86,7.98,-5.54,-5.03
826,0000,18408,-1.29,8.38,-5.06,0.14,1.44,-0.62,7.75,-6.43,-4.87
827,0000,18418,-1.30,8.37,-5.06,0.38,1.32,-0.51,7.80,-6.05,-5.22
828,0000,18429,-1.29,8.37,-5.03,0.40,1.55,-0.42,7.83,-5.88,-5.03
829,0000,18439,-1.30,8.39,-5.03,0.12,1.50,-0.45,7.89,-6.66,-5.69
830,0000,18449,-1.34,8.40,-5.06,0.04,1.31,-0.44,7.66,-5.80,-5.44
831,0000,18459,-1.31,8.38,-5.03,-0.51,1.39,-0.65,7.86,-6.62,-5.66
832,0000,18469,-1.30,8.34,-5.03,-0.36,1.43,-0.43,7.53,-6.49,-5.23
833,0000,18490,-1.27,8.35,-5.02,0.53,1.51,-0.60,7.66,-6.56,-5.35
834,0000,18500,-1.28,8.39,-5.02,0.47,1.52,-0.44,7.73,-6.12,-4.59
835,0000,18510,-1.28,8.36,-5.01,0.29,1.47,-0.54,7.64,-6.37,-5.76
836,0000,18520,-1.26,8.37,-5.06,0.07,1.58,-0.60,7.75,-6.24,-5.44
837,0000,18531,-1.30,8.38,-4.99,0.31,1.58,-0.68,7.50,-5.89,-4.85
838,0000,18541,-1.33,8.38,-5.06,-0.05,1.57,-0.63,7.51,-6.24,-4.55
839,0000,18551,-1.29,8.37,-5.01,-0.11,1.54,-0.55,7.75,-5.70,-5.73
840,0000,18561,-1.30,8.38,-5.03,-0.25,1.53,-0.62,7.73,-6.49,-5.14
841,0000,18582,-1.32,8.38,-5.07,0.20,1.27,-0.55,8.14,-6.05,-4.95
842,0000,18592,-1.31,8.38,-5.04,0.45,1.19,-0.52,8.02,-6.94,-4.24
843,0000,18602,-1.30,8.38,-5.03,0.29,1.25,-0.66,8.21,-6.74,-4.62
844,0000,18612,-1.29,8.36,-4.98,-0.17,1.37,-0.53,8.13,-6.83,-4.24
845,0000,18622,-1.31,8.36,-5.03,-0.31,1.57,-0.49,8.29,-7.00,-4.69
846,0000,18633,-1.31,8.37,-5.07,-0.26,1.55,-0.59,8.17,-6.28,-5.00
847,0000,18643,-1.32,8.37,-5.02,0.15,1.60,-0.44,8.20,-6.68,-4.18
848,0000,18653,-1.31,8.39,-5.01,0.24,1.61,-0.51,8.49,-6.93,-5.29
849,0000,18674,-1.31,8.37,-5.04,0.36,1.40,-0.66,8.40,-7.07,-4.85
850,0000,18684,-1.30,8.37,-5.06,0.06,1.29,-0.54,8.52,-6.94,-4.49
851,0000,18694,-1.31,8.34,-5.04,-0.22,1.47,-0.55,7.98,-6.85,-4.98
852,0000,18704,-1.29,8.36,-5.05,-0.17,1.44,-0.58,7.95,-6.91,-4.95
853,0000,18714,-1.28,8.40,-5.05,0.09,1.48,-0.71,8.49,-6.36,-5.25
854,0000,18724,-1.27,8.34,-5.03,0.24,1.34,-0.49,7.75,-6.66,-5.28
855,0000,18745,-1.34,8.36,-5.00,0.72,1.48,-0.57,8.27,-6.40,-5.76
856,0000,18755,-1.31,8.38,-5.05,0.17,1.58,-0.47,7.85,-6.87,-4.85
857,0000,18765,-1.31,8.33,-4.97,-0.13,1.62,-0.55,8.07,-5.90,-5.09
858,0000,18775,-1.32,8.36,-5.03,-0.09,1.49,-0.45,8.04,-6.66,-5.09
859,0000,18785,-1.32,8.36,-5.07,-0.28,1.22,-0.39,8.17,-5.74,-5.42
860,0000,18795,-1.28,8.36,-5.03,-0.02,1.34,-0.80,7.92,-6.66,-6.11
861,0000,18816,-1.30,8.36,-5.04,0.43,1.53,-0.49,8.13,-5.77,-5.76
862,0000,18826,-1.31,8.35,-5.03,0.13,1.50,-0.38,7.64,-6.28,-4.98
863,0000,18836,-1.29,8.37,-5.00,0.17,1.43,-0.54,8.27,-5.93,-5.47
864,0000,18846,-1.29,8.39,-5.05,0.05,1.39,-0.33,8.20,-5.67,-5.51
865,0000,18856,-1.27,8.35,-5.00,-0.04,1.49,-0.74,8.18,-6.23,-5.26
866,0000,18866,-1.30,8.35,-5.06,-0.05,1.21,-0.53,8.51,-5.85,-5.35
867,0000,18889,-1.26,8.35,-4.97,0.29,1.62,-0.48,7.76,-6.20,-5.33
868,0000,18900,-1.32,8.38,-5.06,0.40,1.43,-0.43,8.27,-5.19,-5.13
869,0000,18910,-1.28,8.39,-4.99,-0.02,1.40,-0.37,7.75,-6.08,-5.48
870,0000,18920,-1.33,8.37,-5.08,-0.07,1.41,-0.61,8.32,-6.01,-4.69
871,0000,18930,-1.28,8.36,-5.03,-0.12,1.37,-0.48,7.88,-6.01,-4.75
872,0000,18941,-1.29,8.39,-5.06,-0.17,1.48,-0.62,7.73,-6.17,-4.66
873,0000,18951,-1.30,8.38,-5.04,0.14,1.61,-0.60,7.92,-6.20,-4.59
874,0000,18961,-1.33,8.36,-5.06,0.63,1.47,-0.40,7.79,-6.30,-5.45
875,0000,18971,-1.33,8.39,-5.08,0.22,1.51,-0.73,8.01,-6.30,-5.99
876,0000,18992,-1.29,8.36,-5.02,0.05,1.47,-0.67,7.23,-6.83,-5.01
877,0000,19002,-1.31,8.37,-5.00,-0.19,1.32,-0.60,7.85,-5.85,-4.95
878,0000,19012,-1.31,8.34,-5.05,-0.33,1.43,-0.54,7.79,-5.90,-5.42
879,0000,19022,-1.28,8.39,-5.03,0.05,1.36,-0.40,8.11,-6.26,-5.63
880,0000,19032,-1.30,8.37,-5.07,0.15,1.55,-0.50,8.07,-5.95,-5.52
881,0000,19043,-1.27,8.36,-5.05,0.38,1.43,-0.57,8.01,-6.01,-5.67
882,0000,19053,-1.29,8.37,-5.01,0.26,1.46,-0.67,8.07,-5.83,-5.85
883,0000,19063,-1.30,8.38,-5.05,0.25,1.37,-0.60,8.51,-6.08,-5.45
884,0000,19084,-1.29,8.40,-4.93,-0.47,1.15,-0.61,8.08,-5.71,-5.64
885,0000,19094,-1.28,8.36,-5.00,-0.40,1.52,-0.59,8.11,-6.12,-5.63
886,0000,19104,-1.29,8.38,-5.02,0.19,1.40,-0.40,8.48,-6.04,-5.14
887,0000,19114,-1.30,8.39,-5.04,0.39,1.42,-0.59,8.10,-5.92,-5.39
888,0000,19124,-1.30,8.36,-4.99,0.45,1.49,-0.61,8.16,-6.64,-4.37
889,0000,19134,-1.32,8.41,-5.07,0.47,1.53,-0.54,8.11,-5.88,-5.25
890,0000,19155,-1.31,8.38,-5.07,-0.64,1.49,-0.68,8.27,-6.31,-5.03
891,0000,19165,-1.29,8.37,-5.02,-0.49,1.34,-0.56,8.46,-6.23,-5.16
892,0000,19175,-1.28,8.36,-5.06,-0.02,1.33,-0.51,8.27,-7.07,-5.13
893,0000,19185,-1.30,8.35,-5.05,0.54,1.59,-0.46,8.18,-6.50,-5.10
894,0000,19195,-1.29,8.38,-5.03,1.09,1.59,-0.61,8.27,-5.92,-4.79
895,0000,19205,-1.28,8.40,-4.99,1.01,1.36,-0.64,8.32,-6.62,-4.53
896,0000,19226,-1.29,8.36,-4.99,-0.60,1.55,-0.31,8.13,-6.75,-4.62
897,0000,19236,-1.29,8.35,-5.01,-0.76,1.30,-0.63,8.35,-6.61,-4.84
898,0000,19247,-1.32,8.36,-5.09,-0.70,1.33,-0.52,8.04,-6.21,-5.06
899,0000,19257,-1.27,8.37,-5.08,0.00,1.36,-0.58,8.42,-6.69,-5.04
900,0000,19267,-1.27,8.37,-5.06,0.57,1.61,-0.60,8.02,-5.79,-4.98
901,0000,19277,-1.30,8.37,-5.00,1.17,1.57,-0.52,7.98,-6.71,-5.13
902,0000,19287,-1.29,8.40,-5.02,1.10,1.54,-0.69,8.51,-6.52,-4.84
903,0000,19297,-1.29,8.39,-5.00,0.33,1.61,-0.54,8.10,-6.78,-4.91
904,0000,19318,-1.31,8.36,-5.05,-0.78,1.22,-0.73,7.89,-6.28,-5.04
905,0000,19328,-1.30,8.39,-5.08,-0.69,1.43,-0.54,7.92,-6.53,-5.73
906,0000,19338,-1.29,8.37,-5.00,-0.27,1.42,-0.66,8.02,-6.31,-5.04
907,0000,19348,-1.26,8.37,-5.19,0.59,1.43,-0.56,7.92,-7.02,-4.93
908,0000,19358,-1.31,8.37,-5.04,1.22,1.58,-0.52,8.37,-6.43,-5.42
909,0000,19368,-1.28,8.37,-4.98,1.15,1.67,-0.66,8.14,-6.69,-4.84
910,0000,19389,-1.31,8.37,-5.01,-0.75,1.50,-0.51,8.24,-7.04,-4.95
911,0000,19399,-1.29,8.35,-5.04,-0.94,1.40,-0.39,8.16,-6.28,-4.79
912,0000,19409,-1.31,8.38,-5.05,-0.62,1.36,-0.57,8.21,-6.85,-4.25
913,0000,19419,-1.29,8.39,-5.06,0.24,1.36,-0.57,8.39,-6.78,-4.36
914,0000,19429,-1.32,8.38,-5.10,1.17,1.55,-0.50,8.56,-6.47,-5.06
915,0000,19439,-1.32,8.38,-5.04,1.02,1.52,-0.47,7.89,-6.37,-5.31
916,0000,19460,-1.30,8.39,-5.00,0.04,1.47,-0.64,7.95,-6.24,-5.13
917,0000,19470,-1.26,8.39,-5.05,-0.91,1.36,-0.51,8.04,-6.33,-4.53
918,0000,19480,-1.32,8.39,-5.09,-0.86,1.25,-0.50,8.07,-6.04,-5.35
919,0000,19490,-1.31,8.36,-5.08,-0.54,1.39,-0.35,7.78,-6.55,-4.82
920,0000,19500,-1.32,8.36,-5.10,0.10,1.47,-0.65,8.02,-5.89,-5.10
921,0000,19510,-1.32,8.37,-5.08,0.50,1.58,-0.50,7.85,-6.58,-5.25
922,0000,19531,-1.30,8.38,-5.00,0.69,1.56,-0.46,8.20,-6.30,-4.90
923,0000,19541,-1.31,8.40,-5.03,0.17,1.35,-0.61,7.45,-6.78,-4.08
924,0000,19551,-1.30,8.34,-5.05,-0.59,1.30,-0.38,8.27,-6.40,-4.60
925,0000,19561,-1.32,8.36,-5.04,-0.75,1.62,-0.41,8.02,-6.09,-4.57
926,0000,19571,-1.32,8.36,-5.05,-0.56,1.59,-0.33,8.40,-6.43,-4.82
927,0000,19581,-1.33,8.37,-5.05,0.07,1.44,-0.59,7.94,-5.85,-5.32
928,0000,19602,-1.29,8.36,-5.03,0.78,1.39,-0.58,7.97,-5.80,-4.56
929,0000,19625,-1.29,8.36,-5.03,-0.23,1.38,-0.49,7.99,-6.56,-5.19
930,0000,19636,-1.29,8.37,-5.03,-0.59,1.36,-0.52,8.65,-5.99,-5.03
931,0000,19646,-1.28,8.36,-5.05,-0.17,1.28,-0.62,8.56,-6.23,-5.55
932,0000,19656,-1.33,8.37,-5.05,0.16,1.55,-0.39,7.85,-6.80,-5.12
933,0000,19666,-1.32,8.39,-5.08,0.59,1.59,-0.65,8.37,-6.27,-5.64
934,0000,19676,-1.30,8.38,-5.05,0.87,1.49,-0.45,7.86,-6.42,-5.63
935,0000,19686,-1.33,8.37,-5.01,0.38,1.41,-0.52,7.98,-6.27,-4.87
936,0000,19707,-1.31,8.36,-5.04,-0.54,1.48,-0.55,7.57,-6.75,-5.52
937,0000,19717,-1.31,8.37,-5.00,-0.30,1.34,-0.48,8.40,-6.09,-5.63
938,0000,19727,-1.30,8.35,-5.07,0.09,1.41,-0.57,8.58,-6.34,-5.80
939,0000,19737,-1.31,8.35,-5.04,0.38,1.53,-0.35,8.20,-5.71,-5.55
940,0000,19747,-1.26,8.37,-5.03,0.70,1.57,-0.45,8.35,-6.21,-5.32
941,0000,19757,-1.26,8.36,-4.98,0.37,1.48,-0.47,8.18,-6.39,-5.19
942,0000,19778,-1.31,8.37,-5.05,-0.41,1.45,-0.42,8.81,-5.86,-5.45
943,0000,19788,-1.28,8.41,-5.01,-0.48,1.42,-0.61,8.59,-6.05,-5.50
944,0000,19798,-1.28,8.38,-5.08,0.04,1.46,-0.55,8.51,-6.07,-5.58
945,0000,19808,-1.31,8.36,-4.98,0.31,1.57,-0.51,8.52,-6.52,-4.95
946,0000,19818,-1.29,8.38,-5.02,0.66,1.50,-0.44,8.24,-6.62,-5.22
947,0000,19828,-1.31,8.39,-5.01,0.57,1.58,-0.41,8.01,-6.18,-5.36
948,0000,19849,-1.31,8.38,-5.06,-0.52,1.57,-0.69,7.95,-6.11,-5.52
949,0000,19859,-1.33,8.37,-5.04,-0.53,1.29,-0.51,7.80,-6.71,-5.09
950,0000,19869,-1.33,8.34,-5.08,-0.33,1.27,-0.50,8.14,-6.14,-4.69
951,0000,19879,-1.31,8.36,-5.01,0.28,1.38,-0.35,8.13,-6.87,-4.65
952,0000,19889,-1.28,8.35,-5.05,0.59,1.45,-0.55,8.05,-7.23,-4.81
953,0000,19899,-1.33,8.36,-5.04,0.44,1.64,-0.30,8.02,-6.26,-4.97
954,0000,19920,-1.27,8.40,-4.99,-0.26,1.62,-0.58,8.45,-6.64,-4.41
955,0000,19930,-1.29,8.39,-5.02,-0.73,1.32,-0.62,7.97,-6.80,-4.81
956,0000,19940,-1.31,8.37,-5.01,-0.63,1.27,-0.52,7.67,-7.25,-5.33
957,0000,19950,-1.30,8.37,-5.05,-0.13,1.43,-0.54,8.14,-6.53,-5.54
958,0000,19960,-1.32,8.38,-5.04,0.45,1.37,-0.46,7.82,-6.78,-5.25
959,0000,19970,-1.30,8.37,-5.07,0.62,1.52,-0.53,8.10,-6.80,-5.51
960,0000,19991,-1.27,8.34,-5.05,0.11,1.36,-0.53,8.26,-6.94,-5.79
961,0000,20001,-1.26,8.38,-4.99,-0.49,1.51,-0.48,8.29,-6.49,-4.98
962,0000,20012,-1.29,8.35,-5.03,-0.65,1.34,-0.46,7.73,-6.83,-5.33
963,0000,20022,-1.31,8.37,-5.04,-0.28,1.29,-0.59,7.54,-7.07,-5.20
964,0000,20033,-1.32,8.34,-5.07,0.26,1.56,-0.53,8.27,-6.43,-5.23
965,0000,20043,-1.30,8.34,-5.05,0.80,1.47,-0.55,7.99,-6.62,-4.94
966,0000,20053,-1.31,8.40,-5.05,0.89,1.39,-0.71,8.18,-6.55,-5.60
967,0000,20063,-1.29,8.36,-5.01,0.61,1.56,-0.63,8.27,-6.52,-5.50
968,0000,20073,-1.31,8.41,-5.05,0.23,1.50,-0.64,7.98,-6.65,-5.31
969,0000,20094,-1.31,8.38,-5.06,-0.84,1.39,-0.43,8.24,-6.97,-4.95
970,0000,20104,-1.29,8.37,-5.07,-0.40,1.29,-0.57,8.37,-6.81,-5.47
971,0000,20114,-1.32,8.37,-5.12,0.24,1.61,-0.59,8.14,-6.40,-5.33
972,0000,20124,-1.26,8.38,-5.06,0.83,1.50,-0.47,7.38,-6.78,-5.10
973,0000,20134,-1.27,8.36,-5.03,1.07,1.49,-0.34,8.11,-6.14,-5.35
974,0000,20144,-1.29,8.39,-4.99,0.52,1.52,-0.35,7.79,-6.27,-5.22
975,0000,20165,-1.32,8.37,-5.04,-0.38,1.18,-0.48,8.24,-5.88,-4.97
976,0000,20175,-1.31,8.35,-5.05,-0.54,1.51,-0.54,8.42,-6.75,-5.22
977,0000,20185,-1.32,8.34,-5.05,-0.31,1.11,-0.41,8.68,-6.53,-4.52
978,0000,20195,-1.32,8.36,-5.03,0.27,1.31,-0.58,8.23,-6.56,-5.01
979,0000,20205,-1.33,8.36,-5.04,0.45,1.50,-0.57,8.49,-6.69,-4.63
980,0000,20215,-1.30,8.34,-5.01,0.45,1.50,-0.47,8.68,-5.96,-5.09
981,0000,20236,-1.30,8.36,-5.03,-0.25,1.33,-0.49,8.78,-6.14,-5.23
982,0000,20246,-1.30,8.36,-4.91,-0.37,1.49,-0.61,8.89,-6.71,-5.16
983,0000,20256,-1.28,8.35,-5.03,-0.08,1.36,-0.62,8.65,-7.13,-4.71
984,0000,20267,-1.32,8.39,-5.07,-0.14,1.42,-0.46,9.19,-6.20,-5.38
985,0000,20277,-1.31,8.36,-5.06,0.49,1.63,-0.49,8.29,-6.74,-5.54
986,0000,20287,-1.32,8.38,-5.08,0.81,1.58,-0.50,8.13,-6.50,-6.14
987,0000,20297,-1.29,8.36,-4.98,0.66,1.45,-0.41,8.11,-6.37,-5.96
988,0000,20307,-1.29,8.37,-5.02,0.13,1.35,-0.50,8.64,-6.64,-5.00
989,0000,20328,-1.29,8.38,-5.10,-0.53,1.47,-0.46,8.73,-6.18,-5.39
990,0000,20338,-1.33,8.36,-5.05,-0.85,1.36,-0.52,8.55,-6.39,-5.17
991,0000,20361,-1.31,8.36,-5.07,0.59,1.54,-0.35,8.07,-6.69,-5.52
992,0000,20372,-1.33,8.37,-5.03,0.76,1.64,-0.57,7.99,-7.00,-4.98
993,0000,20382,-1.30,8.39,-5.02,0.55,1.37,-0.67,8.16,-6.23,-5.23
994,0000,20392,-1.29,8.40,-5.01,0.03,1.38,-0.66,7.92,-6.77,-5.83
995,0000,20402,-1.31,8.39,-5.01,-0.50,1.48,-0.63,8.13,-6.39,-4.98
996,0000,20412,-1.29,8.38,-5.01,-0.47,1.48,-0.53,7.60,-6.36,-5.29
997,0000,20422,-1.29,8.37,-5.06,-0.18,1.49,-0.53,7.82,-6.47,-5.29
998,0000,20443,-1.30,8.37,-5.07,0.66,1.42,-0.75,7.88,-6.39,-4.65
999,0000,20453,-1.28,8.37,-5.01,0.47,1.64,-0.34,8.37,-5.86,-4.84
1000,0000,20463,-1.27,8.35,-5.03,0.11,1.55,-0.45,8.26,-6.23,-4.81
1001,0000,20473,-1.25,8.36,-5.01,-0.33,1.39,-0.31,8.30,-6.15,-5.36
1002,0000,20483,-1.28,8.37,-5.00,-0.31,1.61,-0.47,8.01,-5.42,-4.87
1003,0000,20493,-1.29,8.39,-5.04,-0.09,1.50,-0.64,8.48,-5.69,-4.69
1004,0000,20514,-1.28,8.39,-5.04,0.68,1.44,-0.64,8.24,-5.69,-5.12
1005,0000,20524,-1.29,8.36,-5.00,0.29,1.30,-0.48,8.26,-6.80,-4.63
1006,0000,20534,-1.28,8.41,-4.99,0.23,1.35,-0.62,8.56,-6.15,-4.78
1007,0000,20544,-1.30,8.35,-5.04,0.04,1.48,-0.62,8.14,-5.63,-4.44
1008,0000,20554,-1.31,8.38,-5.05,-0.24,1.45,-0.46,8.42,-6.14,-4.50
1009,0000,20564,-1.29,8.40,-5.04,-0.19,1.36,-0.51,8.05,-6.26,-4.46
1010,0000,20585,-1.30,8.35,-5.03,0.27,1.42,-0.24,8.58,-6.17,-4.82
1011,0000,20595,-1.31,8.38,-5.04,0.34,1.47,-0.34,8.23,-6.09,-4.87
1012,0000,20605,-1.31,8.38,-5.04,0.38,1.64,-0.35,8.32,-6.85,-4.93
1013,0000,20615,-1.28,8.38,-5.09,0.22,1.53,-0.36,8.18,-5.77,-4.40
1014,0000,20625,-1.32,8.35,-5.03,0.34,1.32,-0.59,8.33,-6.62,-5.17
1015,0000,20635,-1.30,8.37,-5.05,-0.10,1.48,-0.61,8.04,-7.00,-5.33
1016,0000,20656,-1.30,8.35,-4.99,-0.08,1.42,-0.49,8.39,-6.55,-5.17
1017,0000,20666,-1.34,8.37,-5.11,0.02,1.42,-0.50,8.96,-5.83,-5.22
1018,0000,20677,-1.33,8.34,-5.02,0.22,1.48,-0.57,7.99,-6.91,-4.84
1019,0000,20687,-1.33,8.39,-5.07,0.47,1.36,-0.47,8.14,-6.88,-5.10
1020,0000,20697,-1.29,8.36,-5.01,0.35,1.53,-0.38,8.17,-6.69,-4.82
1021,0000,20707,-1.32,8.38,-5.02,0.12,1.50,-0.54,7.80,-7.22,-4.21
1022,0000,20717,-1.29,8.39,-5.02,0.19,1.50,-0.58,8.14,-6.77,-5.60
1023,0000,20727,-1.29,8.39,-5.08,-0.11,1.36,-0.67,8.27,-6.65,-5.58
1024,0000,20748,-1.27,8.37,-5.00,0.02,1.36,-0.56,8.01,-6.40,-4.98
1025,0000,20758,-1.29,8.35,-4.98,0.41,1.39,-0.45,8.04,-6.65,-5.31
1026,0000,20768,-1.32,8.37,-5.07,0.35,1.43,-0.33,8.51,-6.75,-4.63
1027,0000,20779,-1.31,8.37,-5.06,0.41,1.64,-0.46,7.88,-6.74,-4.81
1028,0000,20790,-1.27,8.39,-5.06,0.24,1.45,-0.35,7.91,-6.93,-4.69
1029,0000,20800,-1.28,8.38,-5.07,-0.27,1.51,-0.58,7.91,-6.45,-4.93
1030,0000,20810,-1.30,8.37,-5.04,0.12,1.43,-0.52,7.78,-6.84,-4.97
1031,0000,20820,-1.30,8.40,-5.06,-0.33,1.36,-0.56,7.75,-6.80,-4.41
1032,0000,20830,-1.34,8.37,-5.06,0.09,1.57,-0.52,7.89,-6.21,-4.65
1033,0000,20851,-1.31,8.38,-5.03,0.40,1.38,-0.35,8.54,-6.28,-5.00
1034,0000,20861,-1.33,8.37,-5.05,0.67,1.57,-0.59,8.05,-6.04,-4.93
1035,0000,20871,-1.33,8.39,-5.07,0.43,1.36,-0.45,8.65,-6.43,-4.79
1036,0000,20882,-1.29,8.38,-4.99,0.04,1.23,-0.38,8.16,-6.14,-4.76
1037,0000,20892,-1.29,8.35,-5.03,-0.46,1.34,-0.66,7.80,-6.53,-3.74
1038,0000,20902,-1.27,8.37,-5.02,-0.30,1.20,-0.42,7.83,-6.50,-4.56
1039,0000,20912,-1.33,8.35,-5.07,-0.07,1.28,-0.35,7.92,-6.28,-3.98
1040,0000,20922,-1.30,8.38,-5.07,0.17,1.52,-0.59,7.83,-6.53,-4.88
1041,0000,20943,-1.28,8.36,-5.02,0.45,1.43,-0.56,7.98,-6.62,-5.76
1042,0000,20953,-1.30,8.38,-5.01,0.28,1.50,-0.72,7.72,-6.18,-5.51
1043,0000,20963,-1.27,8.37,-5.05,-0.07,1.36,-0.69,7.80,-5.80,-5.17
1044,0000,20973,-1.30,8.36,-4.99,-0.28,1.47,-0.46,7.82,-6.65,-5.64
1045,0000,20984,-1.26,8.37,-5.02,-0.07,1.45,-0.41,8.42,-6.07,-5.22
1046,0000,20994,-1.26,8.39,-5.02,-0.08,1.49,-0.63,7.86,-6.56,-4.49
1047,0000,21004,-1.30,8.36,-5.04,0.19,1.49,-0.63,7.66,-6.50,-5.03
1048,0000,21014,-1.30,8.38,-5.05,0.44,1.46,-0.50,7.89,-6.21,-5.13
1049,0000,21035,-1.32,8.34,-5.01,0.04,1.33,-0.66,8.30,-5.86,-5.10
1050,0000,21046,-1.29,8.39,-5.06,-0.51,1.28,-0.57,8.18,-6.26,-5.16
1051,0000,21056,-1.28,8.35,-4.99,-0.58,1.53,-0.41,8.11,-6.72,-5.16
1052,0000,21079,-1.27,8.37,-5.07,0.31,1.37,-0.49,8.29,-6.30,-4.68
1053,0000,21090,-1.32,8.40,-5.09,0.66,1.51,-0.29,8.20,-6.27,-4.30
1054,0000,21100,-1.31,8.38,-5.05,0.65,1.40,-0.44,8.20,-6.04,-4.52
1055,0000,21110,-1.31,8.38,-5.02,0.24,1.27,-0.31,7.94,-6.24,-3.87
1056,0000,21120,-1.25,8.36,-5.01,-0.10,1.41,-0.58,7.80,-6.65,-5.12
1057,0000,21130,-1.29,8.38,-5.05,-0.22,1.20,-0.52,8.14,-6.14,-4.47
1058,0000,21140,-1.29,8.38,-5.02,-0.33,1.23,-0.50,8.45,-6.21,-4.85
1059,0000,21161,-1.27,8.38,-5.06,0.45,1.41,-0.48,7.99,-7.03,-5.07
1060,0000,21171,-1.33,8.34,-5.06,0.81,1.26,-0.59,8.10,-6.96,-5.14
1061,0000,21181,-1.32,8.38,-5.03,0.66,1.46,-0.47,8.37,-6.31,-4.22
1062,0000,21191,-1.33,8.37,-4.96,0.40,1.70,-0.55,8.58,-6.72,-5.06
1063,0000,21201,-1.29,8.40,-5.02,0.06,1.54,-0.48,8.78,-5.85,-5.09
1064,0000,21211,-1.32,8.39,-4.99,-0.40,1.46,-0.45,8.46,-5.98,-5.28
1065,0000,21232,-1.31,8.37,-5.09,-0.37,1.50,-0.57,8.01,-6.08,-5.06
1066,0000,21242,-1.30,8.35,-5.07,0.09,1.44,-0.36,8.13,-6.75,-4.69
1067,0000,21252,-1.35,8.37,-5.05,0.16,1.46,-0.45,8.61,-6.55,-5.14
1068,0000,21262,-1.27,8.39,-5.04,0.53,1.49,-0.42,8.20,-6.26,-5.09
1069,0000,21272,-1.30,8.37,-5.03,0.36,1.59,-0.51,8.64,-6.52,-4.75
1070,0000,21282,-1.33,8.36,-5.05,0.05,1.41,-0.39,8.27,-6.39,-5.52
1071,0000,21303,-1.32,8.36,-5.03,0.12,1.36,-0.59,8.45,-6.88,-4.60
1072,0000,21313,-1.30,8.37,-5.01,0.20,1.53,-0.59,8.17,-6.37,-4.75
1073,0000,21323,-1.30,8.36,-5.02,0.41,1.50,-0.63,8.23,-6.69,-5.33
1074,0000,21333,-1.28,8.39,-5.02,0.26,1.58,-0.50,8.32,-6.26,-5.12
1075,0000,21343,-1.24,8.38,-5.01,0.28,1.44,-0.55,8.13,-6.56,-5.33
1076,0000,21353,-1.31,8.39,-5.04,0.08,1.37,-0.49,8.20,-6.77,-4.81
1077,0000,21374,-1.32,8.36,-5.00,-0.12,1.34,-0.67,8.23,-6.77,-4.82
1078,0000,21384,-1.29,8.38,-5.01,-0.24,1.61,-0.41,8.21,-6.30,-4.84
1079,0000,21394,-1.29,8.36,-5.04,0.07,1.52,-0.59,8.07,-6.40,-5.20
1080,0000,21404,-1.31,8.39,-5.05,0.30,1.55,-0.52,8.23,-6.72,-4.94
1081,0000,21414,-1.30,8.35,-5.06,0.52,1.58,-0.53,8.43,-5.88,-5.33
1082,0000,21424,-1.29,8.33,-5.03,0.44,1.44,-0.60,7.95,-7.12,-5.09
1083,0000,21445,-1.30,8.37,-5.01,-0.38,1.39,-0.46,8.54,-6.36,-5.28
1084,0000,21455,-1.30,8.37,-5.03,-0.38,1.60,-0.31,8.10,-6.90,-5.10
1085,0000,21465,-1.28,8.38,-5.03,0.04,1.41,-0.49,8.59,-6.20,-4.63
1086,0000,21475,-1.32,8.36,-5.06,-0.17,1.29,-0.57,7.64,-6.75,-4.90
1087,0000,21485,-1.30,8.40,-5.08,0.24,1.49,-0.50,8.36,-6.43,-4.74
1088,0000,21496,-1.30,8.34,-5.07,0.36,1.71,-0.62,7.79,-6.72,-4.63
1089,0000,21506,-1.30,8.38,-5.07,0.40,1.59,-0.48,8.48,-7.07,-5.20
1090,0000,21516,-1.27,8.40,-5.02,0.40,1.47,-0.59,8.30,-6.28,-4.75
1091,0000,21537,-1.28,8.36,-4.96,-0.10,1.39,-0.36,7.92,-6.99,-4.30
1092,0000,21547,-1.31,8.38,-5.07,-0.18,1.25,-0.57,7.85,-6.46,-4.71
1093,0000,21557,-1.30,8.37,-4.98,-0.09,1.45,-0.57,8.07,-6.40,-4.78
1094,0000,21567,-1.29,8.37,-5.04,0.22,1.51,-0.49,8.29,-6.39,-4.79
1095,0000,21577,-1.32,8.35,-5.02,0.34,1.39,-0.54,7.83,-6.97,-4.75
1096,0000,21587,-1.31,8.37,-5.04,0.56,1.61,-0.63,7.63,-6.97,-4.46
1097,0000,21608,-1.27,8.38,-5.02,0.16,1.46,-0.44,7.60,-6.77,-4.25
1098,0000,21618,-1.31,8.33,-5.00,-0.17,1.39,-0.52,8.32,-6.84,-4.37
1099,0000,21628,-1.29,8.39,-5.06,-0.26,1.38,-0.33,8.20,-6.52,-4.78
1100,0000,21638,-1.28,8.39,-5.03,-0.37,1.45,-0.65,8.23,-6.81,-4.69
1101,0000,21648,-1.30,8.37,-5.06,0.00,1.38,-0.60,8.08,-5.96,-4.53
1102,0000,21658,-1.31,8.37,-5.02,0.33,1.63,-0.61,8.20,-6.72,-4.81
1103,0000,21679,-1.33,8.37,-5.02,0.66,1.36,-0.41,8.10,-6.39,-4.47
1104,0000,21689,-1.31,8.36,-5.07,0.25,1.57,-0.53,7.67,-6.55,-3.83
1105,0000,21699,-1.33,8.38,-5.07,0.12,1.36,-0.45,7.88,-5.61,-3.86
1106,0000,21709,-1.34,8.35,-5.05,-0.36,1.52,-0.44,7.79,-6.69,-4.71
1107,0000,21719,-1.32,8.38,-5.08,-0.14,1.39,-0.34,8.07,-5.95,-5.45
1108,0000,21729,-1.32,8.37,-5.04,-0.04,1.64,-0.61,7.95,-6.01,-6.14
1109,0000,21750,-1.29,8.38,-5.04,0.74,1.56,-0.45,7.56,-5.96,-4.82
1110,0000,21760,-1.29,8.39,-5.07,0.42,1.38,-0.47,7.54,-6.15,-4.72
1111,0000,21770,-1.29,8.36,-5.06,0.33,1.33,-0.52,8.29,-5.77,-5.32
1112,0000,21780,-1.32,8.35,-5.02,-0.11,1.50,-0.65,7.97,-5.73,-5.36
1113,0000,21803,-1.28,8.37,-5.01,-0.04,1.38,-0.61,7.45,-6.59,-4.14
1114,0000,21814,-1.29,8.37,-5.06,0.22,1.40,-0.50,8.02,-5.93,-4.79
1115,0000,21824,-1.32,8.38,-5.04,0.40,1.62,-0.40,8.07,-7.13,-4.27
1116,0000,21834,-1.31,8.39,-5.05,0.46,1.49,-0.67,8.37,-5.47,-4.36
1117,0000,21844,-1.30,8.37,-5.01,0.10,1.43,-0.54,8.01,-6.37,-4.50
1118,0000,21854,-1.30,8.37,-4.98,0.04,1.48,-0.54,7.97,-6.46,-4.56
1119,0000,21864,-1.31,8.35,-5.07,-0.40,1.48,-0.58,7.94,-5.79,-5.06
1120,0000,21885,-1.34,8.36,-5.12,0.21,1.43,-0.40,8.14,-5.74,-4.85
1121,0000,21895,-1.30,8.37,-5.05,0.45,1.62,-0.52,8.43,-5.70,-5.64
1122,0000,21906,-1.33,8.36,-5.05,0.56,1.56,-0.37,8.04,-6.46,-4.94
1123,0000,21916,-1.31,8.38,-5.02,0.63,1.62,-0.48,8.27,-5.57,-5.03
1124,0000,21926,-1.34,8.36,-5.03,0.38,1.37,-0.52,7.95,-6.33,-5.33
1125,0000,21936,-1.33,8.37,-4.96,-0.18,1.30,-0.55,8.43,-5.52,-4.68
1126,0000,21946,-1.28,8.37,-5.02,-0.38,1.55,-0.48,7.92,-6.09,-5.36
1127,0000,21956,-1.29,8.37,-5.07,-0.30,1.49,-0.44,8.45,-6.18,-5.23
1128,0000,21977,-1.30,8.37,-5.03,0.37,1.37,-0.38,7.95,-6.21,-4.97
1129,0000,21987,-1.30,8.37,-5.06,0.44,1.56,-0.42,7.76,-5.88,-4.90
1130,0000,21997,-1.31,8.38,-5.03,0.52,1.42,-0.52,8.16,-6.04,-5.38
1131,0000,22008,-1.29,8.39,-5.05,0.10,1.51,-0.55,7.67,-6.87,-4.95
1132,0000,22018,-1.31,8.38,-5.01,-0.14,1.34,-0.43,8.27,-6.14,-4.68
1133,0000,22028,-1.30,8.36,-5.07,-0.28,1.38,-0.50,7.89,-6.27,-4.47
1134,0000,22038,-1.33,8.36,-5.06,-0.13,1.54,-0.64,7.85,-6.50,-4.53
1135,0000,22048,-1.32,8.35,-5.08,0.17,1.60,-0.47,8.20,-6.09,-4.79
1136,0000,22069,-1.30,8.40,-5.05,0.59,1.55,-0.47,7.94,-6.12,-4.25
1137,0000,22079,-1.32,8.36,-5.02,0.23,1.40,-0.56,7.64,-6.46,-4.68
1138,0000,22089,-1.31,8.40,-5.07,0.19,1.50,-0.56,8.07,-6.66,-4.37
1139,0000,22099,-1.31,8.39,-5.08,-0.08,1.50,-0.59,8.10,-6.18,-4.31
1140,0000,22110,-1.31,8.40,-5.08,-0.05,1.66,-0.43,7.92,-6.30,-4.62
1141,0000,22120,-1.28,8.37,-5.01,0.00,1.44,-0.51,8.08,-6.33,-4.76
1142,0000,22130,-1.29,8.38,-5.18,0.03,1.50,-0.59,7.85,-6.39,-5.09
1143,0000,22140,-1.33,8.36,-5.08,0.12,1.28,-0.62,8.13,-6.90,-4.63
1144,0000,22161,-1.29,8.39,-5.00,0.23,1.57,-0.60,8.55,-6.23,-5.17
1145,0000,22171,-1.26,8.37,-5.02,0.19,1.33,-0.49,8.13,-6.59,-5.36
1146,0000,22181,-1.31,8.40,-5.09,0.33,1.53,-0.47,8.17,-6.53,-5.90
1147,0000,22191,-1.28,8.37,-5.01,0.02,1.56,-0.54,8.32,-7.47,-4.98
1148,0000,22201,-1.26,8.39,-5.05,-0.10,1.64,-0.36,8.26,-6.34,-5.17
1149,0000,22212,-1.31,8.32,-4.98,-0.01,1.57,-0.59,7.63,-6.11,-5.47
1150,0000,22222,-1.28,8.36,-5.07,0.11,1.34,-0.58,8.30,-6.64,-5.74
1151,0000,22232,-1.30,8.39,-5.03,0.52,1.49,-0.51,8.04,-5.83,-5.07
1152,0000,22253,-1.29,8.37,-5.00,0.05,1.48,-0.55,8.43,-7.35,-4.81
1153,0000,22263,-1.36,8.37,-5.03,-0.06,1.42,-0.49,8.21,-6.46,-5.17
1154,0000,22273,-1.30,8.35,-5.03,-0.21,1.40,-0.51,7.89,-7.04,-5.51
1155,0000,22283,-1.29,8.37,-5.08,-0.23,1.58,-0.51,7.92,-6.69,-5.42
1156,0000,22293,-1.31,8.37,-5.06,-0.14,1.48,-0.58,8.08,-7.28,-4.76
1157,0000,22303,-1.32,8.38,-5.10,0.32,1.45,-0.50,8.21,-7.21,-5.35
1158,0000,22324,-1.30,8.36,-5.06,0.29,1.55,-0.57,7.72,-6.80,-5.44
1159,0000,22334,-1.29,8.37,-5.01,0.05,1.35,-0.60,7.76,-6.97,-5.77
1160,0000,22344,-1.29,8.37,-5.01,-2.13,1.55,-0.46,7.02,-6.83,-5.92
1161,0000,22354,-1.34,8.35,-5.06,-0.31,1.31,-0.56,7.78,-7.07,-5.16
1162,0000,22364,-1.29,8.37,-5.04,-0.15,1.56,-0.39,7.92,-6.56,-5.52
1163,0000,22374,-1.29,8.37,-5.05,0.00,1.49,-0.63,7.72,-6.87,-5.01
1164,0000,22395,-1.30,8.37,-5.06,0.16,1.54,-0.56,7.59,-6.33,-5.66
1165,0000,22405,-1.32,8.37,-5.05,0.19,1.37,-0.46,8.01,-6.84,-5.79
1166,0000,22415,-1.29,8.37,-5.00,0.04,1.51,-0.49,7.61,-6.43,-5.89
1167,0000,22425,-1.28,8.36,-5.06,-0.03,1.51,-0.40,7.67,-6.68,-5.79
1168,0000,22435,-1.31,8.35,-5.04,0.29,1.40,-0.54,7.80,-6.12,-5.50
1169,0000,22445,-1.28,8.35,-5.05,-0.09,1.55,-0.62,7.40,-6.96,-5.31
1170,0000,22466,-1.30,8.38,-5.03,0.30,1.52,-0.36,7.88,-6.34,-5.35
1171,0000,22476,-1.31,8.38,-5.07,0.18,1.51,-0.50,7.98,-6.68,-4.95
1172,0000,22486,-1.32,8.39,-5.05,-0.03,1.64,-0.51,7.88,-6.46,-5.06
1173,0000,22509,-1.29,8.33,-5.03,0.17,1.44,-0.45,7.66,-7.09,-5.36
1174,0000,22520,-1.32,8.37,-5.04,0.45,1.42,-0.39,7.51,-7.18,-5.35
1175,0000,22530,-1.30,8.36,-5.06,0.53,1.40,-0.35,7.45,-7.09,-5.70
1176,0000,22540,-1.30,8.37,-5.05,0.18,1.46,-0.46,7.83,-6.69,-5.33
1177,0000,22550,-1.29,8.39,-5.03,0.10,1.43,-0.54,8.07,-6.14,-5.36
1178,0000,22560,-1.32,8.37,-5.04,0.01,1.33,-0.45,7.34,-6.97,-5.66
1179,0000,22570,-1.32,8.34,-5.03,-0.24,1.39,-0.64,7.67,-6.91,-5.13
1180,0000,22591,-1.29,8.38,-5.04,0.07,1.37,-0.55,7.35,-7.48,-5.14
1181,0000,22601,-1.31,8.37,-5.05,0.52,1.30,-0.54,7.88,-6.69,-5.31
1182,0000,22611,-1.33,8.36,-5.04,0.38,1.44,-0.47,7.94,-7.18,-5.19
1183,0000,22622,-1.35,8.38,-5.07,-0.02,1.48,-0.59,7.95,-7.22,-4.76
1184,0000,22632,-1.33,8.34,-5.01,0.06,1.47,-0.39,7.88,-5.73,-5.14
1185,0000,22642,-1.29,8.38,-5.08,0.08,1.36,-0.42,7.50,-7.37,-5.04
1186,0000,22652,-1.33,8.36,-5.06,-0.16,1.48,-0.40,7.83,-6.30,-5.58
1187,0000,22662,-1.31,8.35,-5.08,0.18,1.45,-0.20,8.13,-6.59,-5.14
1188,0000,22683,-1.29,8.41,-5.04,0.32,1.52,-0.43,7.50,-6.50,-5.50
1189,0000,22693,-1.30,8.35,-5.03,0.45,1.57,-0.66,7.91,-7.22,-5.74
1190,0000,22703,-1.30,8.35,-5.09,0.07,1.37,-0.59,8.20,-6.46,-6.20
1191,0000,22713,-1.31,8.41,-5.08,0.17,1.39,-0.45,7.99,-6.68,-5.50
1192,0000,22723,-1.32,8.37,-5.05,-0.15,1.27,-0.52,7.73,-7.48,-5.74
1193,0000,22733,-1.31,8.38,-5.05,0.04,1.38,-0.59,8.18,-6.37,-5.95
1194,0000,22754,-1.32,8.36,-5.06,0.38,1.43,-0.62,8.27,-6.49,-5.10
1195,0000,22764,-1.32,8.34,-5.03,0.24,1.33,-0.48,7.94,-6.42,-6.04
1196,0000,22774,-1.32,8.36,-5.06,0.07,1.38,-0.47,7.92,-7.38,-5.42
1197,0000,22784,-1.29,8.36,-5.03,0.11,1.43,-0.50,8.23,-6.87,-4.71
1198,0000,22794,-1.30,8.37,-5.05,-0.30,1.11,-0.50,7.31,-6.80,-5.33
1199,0000,22804,-1.29,8.37,-5.01,0.00,1.41,-0.54,7.41,-7.00,-5.47
1200,0000,22825,-1.29,8.37,-5.02,0.20,1.55,-0.42,7.76,-6.75,-5.93
1201,0000,22835,-1.28,8.40,-5.06,0.33,1.36,-0.57,8.05,-6.62,-5.98
1202,0000,22845,-1.30,8.38,-5.00,0.22,1.39,-0.56,7.89,-6.40,-5.44
1203,0000,22855,-1.31,8.38,-5.01,0.14,1.55,-0.59,7.99,-6.66,-5.36
1204,0000,22865,-1.33,8.37,-5.03,-0.08,1.23,-0.44,7.91,-6.56,-5.69
1205,0000,22875,-1.29,8.35,-5.03,-0.17,1.32,-0.67,7.94,-7.18,-5.58
1206,0000,22896,-1.33,8.38,-5.02,0.15,1.46,-0.39,8.11,-6.33,-6.33
1207,0000,22906,-1.31,8.35,-5.04,0.41,1.49,-0.38,7.54,-7.07,-5.73
1208,0000,22916,-1.30,8.35,-5.01,0.62,1.52,-0.47,7.99,-6.33,-5.77
1209,0000,22926,-1.31,8.37,-5.00,0.18,1.41,-0.43,7.83,-6.84,-5.96
1210,0000,22936,-1.32,8.38,-5.01,-0.40,1.42,-0.61,7.94,-6.50,-5.44
1211,0000,22946,-1.31,8.38,-5.02,-0.12,1.49,-0.53,7.75,-6.65,-4.94
1212,0000,22967,-1.25,8.39,-5.04,0.23,1.73,-0.71,7.73,-6.24,-5.16
1213,0000,22977,-1.27,8.38,-5.03,0.66,1.63,-0.45,7.48,-7.06,-5.07
1214,0000,22987,-1.25,8.39,-5.02,0.48,1.50,-0.47,8.26,-7.04,-5.29
1215,0000,22997,-1.29,8.39,-5.01,0.22,1.43,-0.56,7.99,-6.64,-5.67
1216,0000,23007,-1.30,8.37,-5.03,-0.24,1.29,-0.44,7.44,-6.99,-5.54
1217,0000,23017,-1.32,8.40,-5.07,-0.49,1.50,-0.75,7.60,-6.62,-5.66
1218,0000,23038,-1.30,8.36,-5.05,0.33,1.47,-0.52,7.91,-6.75,-4.65
1219,0000,23048,-1.31,8.38,-5.05,0.51,1.44,-0.58,7.73,-6.20,-5.00
1220,0000,23058,-1.34,8.36,-5.08,0.90,1.49,-0.42,7.61,-6.90,-4.93
1221,0000,23068,-1.30,8.36,-5.00,0.80,1.57,-0.41,7.60,-6.15,-4.50
1222,0000,23078,-1.32,8.39,-5.04,0.03,1.33,-0.45,7.95,-6.72,-4.87
1223,0000,23089,-1.31,8.37,-4.96,-0.45,1.55,-0.51,8.10,-6.91,-4.90
1224,0000,23099,-1.29,8.40,-5.05,-0.66,1.30,-0.54,8.45,-6.21,-4.90
1225,0000,23109,-1.30,8.37,-5.04,-0.38,1.47,-0.62,8.08,-7.02,-5.80
1226,0000,23130,-1.33,8.37,-5.03,0.84,1.52,-0.47,8.26,-6.50,-5.66
1227,0000,23140,-1.30,8.39,-5.05,0.74,1.22,-0.59,7.92,-6.94,-5.23
1228,0000,23150,-1.32,8.35,-4.96,0.52,1.59,-0.42,7.82,-6.34,-5.45
1229,0000,23160,-1.32,8.32,-5.02,-0.28,1.41,-0.56,7.67,-6.93,-5.38
1230,0000,23170,-1.28,8.36,-5.03,-0.98,1.52,-0.47,8.11,-6.58,-5.69
1231,0000,23180,-1.30,8.37,-5.06,-0.59,1.24,-0.48,8.05,-6.20,-5.26
1232,0000,23201,-1.27,8.39,-5.07,0.66,1.49,-0.52,8.14,-6.49,-4.78
1233,0000,23211,-1.28,8.39,-5.05,0.99,1.54,-0.37,7.83,-6.39,-5.41
1234,0000,23234,-1.32,8.36,-5.06,0.28,1.43,-0.48,7.76,-6.46,-5.29
1235,0000,23245,-1.30,8.36,-4.96,-0.43,1.43,-0.58,8.16,-7.54,-5.54
1236,0000,23255,-1.32,8.37,-5.05,-1.06,1.39,-0.38,7.82,-7.22,-5.25
1237,0000,23265,-1.26,8.37,-5.06,-0.83,1.46,-0.50,8.23,-6.52,-5.73
1238,0000,23275,-1.31,8.33,-5.03,0.24,1.62,-0.33,7.97,-6.78,-4.97
1239,0000,23285,-1.27,8.45,-5.16,0.98,1.82,-0.49,7.83,-5.66,-5.19
1240,0000,23295,-1.27,8.44,-5.05,1.48,1.57,-0.43,8.02,-6.04,-4.90
1241,0000,23316,-1.30,8.37,-5.00,0.28,1.50,-0.47,8.37,-6.20,-5.03
1242,0000,23326,-1.35,8.36,-5.05,-0.80,1.35,-0.43,8.14,-6.34,-4.87
1243,0000,23336,-1.34,8.35,-5.05,-1.35,1.34,-0.49,8.07,-5.88,-4.24
1244,0000,23346,-1.36,8.34,-5.09,-0.85,1.29,-0.33,7.85,-6.18,-4.98
1245,0000,23356,-1.29,8.35,-5.10,0.14,1.18,-0.55,7.42,-6.81,-5.12
1246,0000,23366,-1.30,8.39,-5.11,0.95,1.59,-0.46,7.83,-5.98,-5.85
1247,0000,23387,-1.35,8.38,-5.02,1.25,1.50,-0.35,7.73,-6.15,-5.10
1248,0000,23397,-1.28,8.37,-5.00,0.23,1.69,-0.67,7.83,-6.07,-5.29
1249,0000,23407,-1.32,8.36,-5.05,-0.85,1.42,-0.42,3.79,-6.53,-5.52
1250,0000,23417,-1.30,8.35,-5.06,-1.22,1.21,-0.60,7.70,-6.28,-5.33
1251,0000,23427,-1.31,8.34,-5.04,-1.01,1.15,-0.56,7.69,-6.52,-5.98
1252,0000,23437,-1.33,8.35,-5.12,0.24,1.38,-0.35,8.02,-6.40,-5.23
1253,0000,23458,-1.31,8.39,-5.06,1.99,1.75,-0.34,7.56,-6.69,-5.52
1254,0000,23468,-1.31,8.35,-5.02,1.17,1.69,-0.28,7.67,-6.07,-4.40
1255,0000,23478,-1.34,8.34,-5.02,-0.32,1.41,-0.41,7.61,-6.26,-4.75
1256,0000,23488,-1.31,8.31,-5.02,-1.36,1.26,-0.54,7.78,-6.84,-4.76
1257,0000,23498,-1.30,8.33,-5.05,-1.78,1.52,-0.23,7.89,-6.08,-5.22
1258,0000,23508,-1.31,8.38,-5.08,-1.18,1.31,-0.54,7.59,-7.15,-5.66
1259,0000,23529,-1.31,8.45,-5.16,1.84,1.59,-0.52,7.47,-5.80,-5.69
1260,0000,23539,-1.31,8.45,-5.10,2.16,1.56,-0.53,7.47,-6.26,-5.31
1261,0000,23549,-1.30,8.44,-5.02,1.10,1.32,-0.95,7.67,-5.79,-4.88
1262,0000,23559,-1.28,8.28,-4.92,-0.59,1.34,-1.00,7.40,-6.36,-5.36
1263,0000,23569,-1.25,8.27,-4.96,-1.82,1.22,-0.81,7.79,-6.53,-4.52
1264,0000,23579,-1.25,8.61,-5.19,-1.91,1.14,-0.74,7.92,-6.66,-5.12
1265,0000,23600,-1.31,8.32,-5.08,1.33,1.37,-0.67,8.48,-5.86,-5.17
1266,0000,23610,-1.30,8.31,-5.00,2.27,1.73,-0.40,7.99,-6.65,-5.03
1267,0000,23620,-1.29,8.40,-4.99,1.90,1.68,-0.45,8.04,-7.09,-4.98
1268,0000,23630,-1.31,8.38,-4.98,1.09,1.47,-0.80,7.95,-6.07,-5.17
1269,0000,23640,-1.25,8.29,-4.90,-0.58,1.47,-0.55,7.89,-6.49,-4.75
1270,0000,23651,-1.25,8.36,-5.02,-1.91,1.15,-0.24,8.77,-6.24,-4.37
1271,0000,23661,-1.29,8.46,-5.14,-1.42,1.30,-0.38,7.73,-6.71,-4.95
1272,0000,23671,-1.30,8.33,-5.03,0.09,1.57,-0.51,7.66,-6.71,-4.94
1273,0000,23692,-1.33,8.37,-5.06,1.29,1.57,-0.57,7.82,-6.77,-5.44
1274,0000,23702,-1.37,8.37,-5.09,0.79,1.46,-0.48,8.08,-6.23,-5.03
1275,0000,23712,-1.31,8.37,-4.98,0.31,1.41,-0.55,7.48,-6.62,-5.45
1276,0000,23722,-1.28,8.38,-5.02,-1.24,1.37,-0.66,7.78,-6.80,-3.99
1277,0000,23732,-1.30,8.44,-5.03,-1.49,1.41,-0.44,7.73,-6.36,-5.13
1278,0000,23742,-1.26,8.33,-5.01,-0.55,1.32,-0.42,7.54,-6.81,-4.88
1279,0000,23763,-1.29,8.35,-4.99,1.25,1.48,-0.33,7.73,-6.15,-4.71
1280,0000,23773,-1.28,8.38,-5.02,1.42,1.62,-0.34,7.38,-6.93,-4.56
1281,0000,23783,-1.32,8.35,-4.95,0.45,1.50,-0.62,7.80,-5.69,-4.72
1282,0000,23793,-1.28,8.38,-4.95,-0.73,1.48,-0.44,7.54,-6.31,-4.55
1283,0000,23803,-1.34,8.42,-4.90,-1.57,1.18,-0.52,8.17,-5.74,-5.10
1284,0000,23813,-1.30,8.38,-5.07,-1.46,1.34,-0.45,7.80,-6.31,-5.17
1285,0000,23834,-1.28,8.33,-5.05,1.15,1.64,-0.43,7.91,-5.85,-5.14
1286,0000,23844,-1.26,8.38,-5.02,1.29,1.71,-0.68,7.70,-6.69,-4.81
1287,0000,23855,-1.28,8.36,-5.01,1.25,1.67,-0.31,7.60,-6.74,-5.06
1288,0000,23865,-1.35,8.36,-4.99,0.19,1.64,-0.31,8.13,-6.01,-5.00
1289,0000,23875,-1.26,8.43,-5.07,-0.79,1.32,-0.33,8.24,-6.49,-4.88
1290,0000,23885,-1.34,8.37,-5.00,-1.28,1.46,-0.47,7.88,-6.43,-5.17
1291,0000,23895,-1.32,8.35,-5.08,-1.15,1.22,-0.28,7.66,-6.33,-5.10
1292,0000,23905,-1.29,8.37,-5.07,0.08,1.26,-0.36,7.94,-6.33,-4.50
1293,0000,23926,-1.29,8.36,-5.00,1.50,1.54,-0.64,7.88,-6.68,-5.09
1294,0000,23936,-1.31,8.37,-5.05,1.51,1.62,-0.74,7.91,-5.96,-4.75
1295,0000,23959,-1.28,8.33,-5.05,-1.33,1.32,-0.56,7.61,-6.65,-4.34
1296,0000,23970,-1.28,8.33,-5.05,-1.41,1.31,-0.59,7.38,-6.68,-5.00
1297,0000,23980,-1.30,8.31,-5.02,-0.99,1.29,-0.49,7.78,-6.33,-4.82
1298,0000,23990,-1.30,8.36,-5.09,0.40,1.49,-0.21,8.04,-7.10,-5.45
1299,0000,24000,-1.26,8.37,-5.01,1.47,1.56,-0.50,8.11,-6.31,-5.45
1300,0000,24010,-1.25,8.37,-4.97,1.88,1.65,-0.57,7.88,-6.72,-5.23
1301,0000,24020,-1.30,8.40,-5.01,1.02,1.62,-0.70,7.98,-6.31,-4.28
1302,0000,24041,-1.30,8.38,-5.09,-1.46,1.32,-0.52,7.61,-6.84,-4.76
1303,0000,24051,-1.34,8.37,-5.10,-1.87,1.49,-0.52,8.13,-6.37,-4.21
1304,0000,24061,-1.34,8.36,-5.06,-1.04,1.56,-0.36,7.86,-6.55,-4.84
1305,0000,24071,-1.34,8.36,-5.07,0.77,1.61,-0.38,8.36,-6.42,-4.28
1306,0000,24081,-1.31,8.34,-5.05,2.14,1.91,-0.32,8.05,-6.09,-5.19
1307,0000,24091,-1.31,8.37,-5.00,1.89,1.82,-0.43,7.98,-6.77,-4.09
1308,0000,24112,-1.23,8.37,-4.96,-0.77,1.46,-0.56,8.08,-6.37,-5.03
1309,0000,24122,-1.26,8.37,-4.98,-1.85,1.43,-0.51,7.56,-6.71,-4.72
1310,0000,24132,-1.27,8.38,-5.08,-1.92,1.26,-0.52,7.88,-6.18,-4.59
1311,0000,24142,-1.26,8.38,-5.08,-1.14,1.43,-0.46,7.57,-6.56,-4.43
1312,0000,24152,-1.30,8.38,-5.12,0.53,1.68,-0.59,7.91,-6.11,-5.06
1313,0000,24163,-1.30,8.37,-5.07,1.98,1.59,-0.31,7.79,-6.40,-4.95
1314,0000,24173,-1.30,8.37,-5.02,1.72,1.84,-0.40,7.45,-7.13,-5.39
1315,0000,24183,-1.31,8.37,-4.96,0.78,1.60,-0.47,8.54,-6.72,-5.14
1316,0000,24204,-1.33,8.36,-5.04,-1.27,1.43,-0.48,8.21,-6.37,-5.17
1317,0000,24214,-1.32,8.41,-5.09,-1.09,1.44,-0.79,8.51,-6.45,-5.35
1318,0000,24224,-1.23,8.34,-4.96,-0.19,1.50,-0.68,8.07,-7.38,-5.19
1319,0000,24234,-1.34,8.32,-5.06,0.52,1.49,-0.50,8.20,-6.84,-4.93
1320,0000,24244,-1.27,8.32,-4.97,1.51,1.57,-0.45,7.63,-7.10,-4.93
1321,0000,24254,-1.28,8.37,-4.99,1.23,1.57,-0.38,8.07,-6.93,-5.01
1322,0000,24275,-1.26,8.37,-5.00,-0.58,1.35,-0.45,7.54,-6.97,-5.23
1323,0000,24285,-1.27,8.37,-5.01,-1.63,1.36,-0.36,8.27,-6.61,-4.85
1324,0000,24295,-1.27,8.37,-5.04,-0.95,1.60,-0.33,7.83,-6.90,-5.10
1325,0000,24305,-1.30,8.39,-5.10,0.04,1.78,-0.26,7.92,-7.06,-5.51
1326,0000,24315,-1.29,8.30,-5.02,1.79,1.67,-0.41,8.35,-6.31,-4.75
1327,0000,24325,-1.30,8.39,-5.03,2.25,1.64,-0.36,7.98,-6.84,-5.22
1328,0000,24346,-1.32,8.40,-5.00,-0.38,1.49,-0.53,7.91,-6.99,-4.68
1329,0000,24356,-1.31,8.38,-5.04,-1.48,1.32,-0.53,8.26,-6.75,-4.71
1330,0000,24367,-1.35,8.37,-5.07,-1.66,1.20,-0.58,8.14,-5.79,-4.44
1331,0000,24377,-1.33,8.34,-5.08,-0.72,1.33,-0.31,8.43,-6.78,-4.97
1332,0000,24387,-1.34,8.36,-5.10,0.65,1.50,-0.52,8.81,-6.55,-4.90
1333,0000,24397,-1.27,8.37,-5.03,1.82,1.59,-0.61,8.21,-6.47,-5.32
1334,0000,24407,-1.30,8.37,-4.98,1.75,1.81,-0.52,8.24,-6.75,-4.40
1335,0000,24417,-1.29,8.40,-5.03,0.80,1.43,-0.71,8.52,-6.59,-4.75
1336,0000,24438,-1.29,8.38,-5.05,-1.54,1.13,-0.51,7.83,-7.25,-4.74
1337,0000,24448,-1.29,8.36,-5.00,-1.42,1.38,-0.45,8.10,-6.94,-5.01
1338,0000,24458,-1.31,8.39,-5.11,-0.28,1.15,-0.46,7.97,-6.90,-4.68
1339,0000,24469,-1.29,8.35,-5.09,0.71,1.69,-0.52,8.26,-7.03,-4.49
1340,0000,24479,-1.31,8.35,-5.08,1.61,1.50,-0.68,8.21,-6.88,-4.88
1341,0000,24489,-1.31,8.36,-4.99,1.11,1.71,-0.45,7.69,-6.68,-5.36
1342,0000,24499,-1.29,8.39,-5.00,0.38,1.37,-0.58,7.92,-6.14,-4.56
1343,0000,24509,-1.30,8.33,-5.01,-0.36,1.55,-0.19,8.02,-7.22,-4.84
1344,0000,24530,-1.33,8.37,-5.09,-0.42,1.48,-0.34,8.16,-6.62,-4.53
1345,0000,24540,-1.35,8.38,-5.07,0.17,1.47,-0.42,7.92,-6.94,-5.25
1346,0000,24550,-1.35,8.37,-5.07,0.63,1.49,-0.45,8.48,-6.17,-5.04
1347,0000,24560,-1.35,8.34,-5.01,0.77,1.66,-0.54,7.80,-6.84,-5.19
1348,0000,24570,-1.24,8.38,-5.04,0.55,1.43,-0.29,8.42,-6.34,-4.94
1349,0000,24580,-1.32,8.39,-5.02,-2.24,1.54,-0.41,7.89,-6.07,-5.10
1350,0000,24601,-1.33,8.41,-5.08,-0.58,1.29,-0.42,8.33,-6.71,-5.41
1351,0000,24611,-1.31,8.38,-5.08,-0.01,1.23,-0.62,7.86,-6.61,-5.16
1352,0000,24621,-1.32,8.36,-5.02,0.82,1.50,-0.61,7.99,-6.33,-5.10
1353,0000,24631,-1.33,8.35,-5.03,0.96,1.43,-0.80,7.67,-5.71,-5.36
1354,0000,24641,-1.28,8.34,-4.96,0.11,1.57,-0.73,7.03,-6.31,-5.48
1355,0000,24651,-1.31,8.30,-4.97,-0.53,1.37,-0.69,7.51,-5.93,-5.07
1356,0000,24674,-1.28,8.36,-5.07,-0.37,1.33,-0.43,7.06,-6.66,-4.95
1357,0000,24685,-1.27,8.38,-5.04,0.52,1.53,-0.50,7.92,-6.27,-5.20
1358,0000,24695,-1.29,8.41,-5.01,1.31,1.59,-0.38,7.56,-6.53,-5.83
1359,0000,24705,-1.31,8.40,-4.98,1.50,1.75,-0.35,7.59,-7.03,-5.13
1360,0000,24715,-1.31,8.39,-5.03,0.52,1.52,-0.47,7.88,-6.53,-5.20
1361,0000,24725,-1.34,8.38,-5.00,-0.35,1.56,-0.39,7.19,-6.72,-5.29
1362,0000,24735,-1.34,8.40,-5.06,-1.26,1.32,-0.45,7.92,-6.30,-5.19
1363,0000,24756,-1.29,8.38,-5.04,-0.13,1.30,-0.27,7.98,-7.07,-5.03
1364,0000,24766,-1.32,8.39,-5.08,0.93,1.37,-0.63,7.75,-6.42,-5.17
1365,0000,24777,-1.32,8.37,-5.03,1.34,1.42,-0.59,7.75,-6.56,-5.01
1366,0000,24787,-1.31,8.36,-4.99,0.80,1.51,-0.29,8.05,-6.49,-4.98
1367,0000,24797,-1.31,8.35,-5.01,-0.09,1.42,-0.60,7.76,-6.33,-4.53
1368,0000,24807,-1.27,8.39,-5.00,-1.11,1.22,-0.62,7.82,-6.59,-4.88
1369,0000,24817,-1.27,8.37,-5.07,-0.94,1.25,-0.57,8.16,-6.02,-4.72
1370,0000,24827,-1.28,8.33,-5.07,-0.31,1.25,-0.34,7.86,-6.56,-4.88
1371,0000,24848,-1.32,8.35,-5.01,1.19,1.64,-0.45,7.99,-6.17,-5.45
1372,0000,24858,-1.32,8.37,-5.06,1.29,1.66,-0.38,7.25,-6.55,-4.93
1373,0000,24868,-1.31,8.37,-4.96,0.48,1.61,-0.45,7.72,-6.68,-4.59
1374,0000,24879,-1.35,8.41,-5.09,-0.22,1.38,-0.40,7.91,-6.24,-5.45
1375,0000,24889,-1.31,8.37,-5.01,-0.85,1.15,-0.24,7.89,-6.64,-5.44
1376,0000,24899,-1.32,8.38,-5.08,-0.88,1.29,-0.58,8.26,-6.27,-4.74
1377,0000,24909,-1.29,8.36,-5.04,-0.20,1.18,-0.47,8.07,-6.78,-4.66
1378,0000,24919,-1.33,8.40,-5.07,0.47,1.40,-0.45,7.99,-6.37,-4.88
1379,0000,24940,-1.32,8.39,-5.03,0.97,1.61,-0.51,7.86,-6.72,-5.19
1380,0000,24950,-1.27,8.34,-4.99,0.45,1.55,-0.66,7.94,-6.50,-4.56
1381,0000,24960,-1.32,8.37,-5.03,-0.32,1.23,-0.50,8.10,-6.69,-5.38
1382,0000,24970,-1.24,8.35,-4.98,-1.06,1.36,-0.59,8.37,-6.24,-4.98
1383,0000,24981,-1.31,8.35,-5.08,-0.80,1.36,-0.33,7.76,-6.37,-5.74
1384,0000,24991,-1.28,8.40,-5.07,0.20,1.45,-0.52,7.91,-6.90,-4.66
1385,0000,25001,-1.30,8.36,-5.09,1.37,1.69,-0.38,7.94,-6.50,-5.26
1386,0000,25011,-1.30,8.36,-5.00,1.83,1.57,-0.56,7.91,-6.71,-5.03
1387,0000,25032,-1.30,8.36,-5.01,-0.59,1.55,-0.53,8.21,-6.21,-5.58
1388,0000,25042,-1.30,8.37,-5.00,-1.50,1.43,-0.59,7.83,-7.26,-5.33
1389,0000,25052,-1.32,8.38,-5.05,-1.67,1.24,-0.62,8.21,-6.68,-4.91
1390,0000,25062,-1.31,8.38,-5.09,-0.71,1.19,-0.58,8.21,-6.74,-4.79
1391,0000,25072,-1.29,8.40,-5.09,0.97,1.53,-0.59,7.91,-6.83,-5.10
1392,0000,25082,-1.30,8.36,-5.02,2.00,1.48,-0.33,7.94,-6.65,-5.26
1393,0000,25103,-1.34,8.19,-4.93,1.05,1.57,-0.42,7.75,-7.06,-4.65
1394,0000,25113,-1.29,8.33,-4.96,-0.80,1.36,-0.71,7.48,-7.00,-5.42
1395,0000,25123,-1.31,8.29,-4.94,-1.97,1.42,-0.46,7.57,-6.74,-5.66
1396,0000,25133,-1.31,8.44,-5.17,-1.98,1.30,-0.11,7.63,-5.41,-5.51
1397,0000,25143,-1.31,8.37,-5.07,-0.25,1.57,-0.43,7.54,-5.99,-4.91
1398,0000,25153,-1.31,8.43,-5.15,1.29,1.62,-0.47,7.79,-6.01,-5.41
1399,0000,25174,-1.33,8.28,-4.88,1.56,1.67,-0.57,7.70,-6.27,-5.42
1400,0000,25184,-1.34,8.35,-4.95,0.03,1.46,-0.51,8.52,-5.58,-5.32
1401,0000,25194,-1.35,8.35,-5.02,-1.72,1.22,-0.52,8.46,-6.53,-5.39
1402,0000,25204,-1.32,8.40,-5.11,-1.84,1.25,-0.52,7.86,-6.46,-5.31
1403,0000,25214,-1.31,8.34,-5.06,-0.97,1.26,-0.56,8.20,-5.64,-5.17
1404,0000,25224,-1.33,8.38,-5.12,0.58,1.29,-0.68,8.11,-6.36,-4.85
1405,0000,25245,-1.32,8.20,-4.96,1.94,1.71,-0.52,7.83,-6.23,-5.06
1406,0000,25255,-1.29,8.33,-4.88,0.95,1.87,-0.39,7.76,-6.97,-5.00
1407,0000,25265,-1.30,8.36,-5.02,-0.55,1.50,-0.37,8.39,-6.20,-5.14
1408,0000,25275,-1.28,8.39,-5.07,-1.54,1.35,-0.40,8.32,-6.28,-5.85
1409,0000,25285,-1.26,8.40,-5.07,-1.31,1.38,-0.39,8.61,-6.18,-5.89
1410,0000,25295,-1.30,8.43,-5.10,-0.06,1.32,-0.55,7.67,-5.85,-5.20
1411,0000,25316,-1.31,8.31,-5.03,1.24,1.40,-0.67,7.99,-5.58,-5.99
1412,0000,25326,-1.34,8.31,-4.97,0.12,1.53,-0.27,7.63,-6.40,-5.03
1413,0000,25336,-1.36,8.40,-5.06,-1.00,1.45,-0.31,7.85,-5.95,-5.38
1414,0000,25346,-1.40,8.27,-5.02,-1.11,1.43,-0.34,7.95,-5.99,-4.59
1415,0000,25356,-1.37,8.38,-5.15,-0.51,1.54,-0.48,7.91,-6.52,-4.98
1416,0000,25379,-1.30,8.38,-5.00,2.11,1.78,-0.38,7.94,-5.70,-5.20
1417,0000,25390,-1.34,8.38,-5.01,1.56,1.78,-0.42,8.11,-6.50,-5.36
1418,0000,25400,-1.35,8.36,-5.01,-0.18,1.37,-0.52,8.43,-5.48,-4.74
1419,0000,25410,-1.33,8.36,-5.06,-1.32,1.22,-0.56,7.78,-5.95,-5.71
1420,0000,25420,-1.28,8.35,-5.04,-2.20,1.28,-0.52,8.46,-5.77,-5.09
1421,0000,25430,-1.33,8.37,-5.08,-1.61,1.57,-0.40,8.16,-5.89,-4.84
1422,0000,25440,-1.33,8.32,-5.10,0.22,1.58,-0.33,8.49,-6.20,-4.85
1423,0000,25461,-1.31,8.34,-5.00,2.40,1.80,-0.37,8.14,-6.04,-5.35
1424,0000,25471,-1.30,8.38,-4.95,1.42,1.73,-0.58,7.92,-6.11,-4.97
1425,0000,25481,-1.30,8.37,-4.96,-0.26,1.52,-0.41,8.46,-5.69,-4.30
1426,0000,25491,-1.30,8.40,-4.99,-1.96,1.56,-0.34,7.76,-6.91,-4.09
1427,0000,25501,-1.32,8.37,-5.07,-2.28,1.36,-0.42,7.89,-6.55,-4.28
1428,0000,25511,-1.29,8.36,-5.08,-1.20,1.17,-0.46,8.07,-6.05,-4.75
1429,0000,25532,-1.33,8.35,-5.08,2.46,1.73,-0.49,8.33,-6.05,-5.22
1430,0000,25542,-1.27,8.39,-4.98,2.16,1.77,-0.44,9.02,-6.49,-5.01
1431,0000,25552,-1.32,8.36,-4.95,1.09,1.56,-0.33,8.45,-6.47,-4.30
1432,0000,25562,-1.31,8.35,-5.01,-0.94,1.55,-0.43,8.35,-6.04,-4.87
1433,0000,25572,-1.31,8.39,-4.99,-1.87,1.37,-0.51,7.64,-6.68,-4.72
1434,0000,25582,-1.31,8.39,-5.09,-2.06,1.43,-0.37,7.85,-6.21,-4.91
1435,0000,25603,-1.32,8.37,-5.05,1.09,1.54,-0.52,8.30,-6.99,-4.95
1436,0000,25613,-1.29,8.37,-5.03,2.16,1.77,-0.33,7.86,-6.47,-4.76
1437,0000,25623,-1.34,8.35,-5.02,2.16,1.81,-0.53,8.36,-6.97,-5.03
1438,0000,25633,-1.30,8.41,-5.01,1.07,1.52,-0.64,8.10,-6.62,-5.47
1439,0000,25643,-1.28,8.41,-4.99,-0.94,1.39,-0.50,7.80,-6.88,-4.78
1440,0000,25653,-1.29,8.41,-5.05,-2.17,1.23,-0.57,7.99,-7.10,-5.12
1441,0000,25674,-1.31,8.36,-5.08,-0.76,1.57,-0.49,7.92,-7.18,-4.82
1442,0000,25684,-1.32,8.39,-5.08,0.75,1.48,-0.38,7.92,-6.80,-4.43
1443,0000,25695,-1.29,8.39,-5.06,2.35,1.73,-0.38,7.79,-7.31,-4.65
1444,0000,25705,-1.33,8.40,-5.03,2.57,1.74,-0.31,7.48,-7.41,-4.88
1445,0000,25715,-1.29,8.39,-4.97,1.35,1.43,-0.53,7.64,-6.99,-5.39
1446,0000,25725,-1.31,8.36,-4.95,-0.20,1.56,-0.58,7.85,-6.96,-5.79
1447,0000,25735,-1.29,8.39,-5.01,-2.04,1.23,-0.66,7.61,-6.94,-5.73
1448,0000,25745,-1.32,8.33,-4.98,-2.39,1.23,-0.55,7.29,-6.77,-5.36
1449,0000,25766,-1.33,8.36,-5.09,0.39,1.30,-0.44,8.20,-5.99,-4.74
1450,0000,25776,-1.34,8.37,-5.08,1.90,1.71,-0.53,7.41,-6.87,-5.12
1451,0000,25786,-1.33,8.36,-5.02,2.19,1.74,-0.32,7.79,-6.59,-4.88
1452,0000,25797,-1.31,8.35,-4.98,1.48,1.58,-0.57,8.08,-6.61,-4.76
1453,0000,25807,-1.31,8.37,-4.99,0.02,1.30,-0.64,7.97,-7.37,-5.25
1454,0000,25817,-1.31,8.40,-5.01,-1.16,1.62,-0.55,8.36,-6.23,-4.62
1455,0000,25827,-1.31,8.37,-5.02,-1.60,1.09,-0.52,8.20,-7.06,-4.49
1456,0000,25837,-1.30,8.35,-5.07,-1.01,1.22,-0.49,8.24,-6.99,-5.17
1457,0000,25858,-1.31,8.35,-5.04,1.15,1.63,-0.50,7.95,-6.75,-4.50
1458,0000,25868,-1.28,8.36,-4.99,1.48,1.78,-0.47,8.18,-5.92,-5.00
1459,0000,25878,-1.31,8.37,-4.96,1.04,1.57,-0.51,7.83,-6.69,-5.04
1460,0000,25888,-1.26,8.39,-4.99,-0.19,1.46,-0.52,8.13,-6.94,-4.97
1461,0000,25898,-1.31,8.38,-5.02,-1.06,1.23,-0.47,8.29,-6.11,-5.07
1462,0000,25908,-1.26,8.37,-5.04,-1.20,1.31,-0.44,7.64,-6.81,-4.72
1463,0000,25929,-1.33,8.36,-5.04,0.45,1.58,-0.45,7.98,-6.56,-4.81
1464,0000,25939,-1.31,8.39,-5.09,1.17,1.64,-0.50,7.82,-7.15,-4.59
1465,0000,25949,-1.30,8.39,-5.02,1.50,1.75,-0.48,8.29,-6.04,-5.04
1466,0000,25959,-1.29,8.40,-4.98,0.83,1.64,-0.53,8.02,-6.66,-4.85
1467,0000,25969,-1.30,8.39,-4.98,0.07,1.38,-0.47,8.16,-6.30,-4.87
1468,0000,25979,-1.32,8.38,-5.01,-0.87,1.29,-0.37,8.01,-6.36,-4.76
1469,0000,26000,-1.29,8.38,-5.03,-0.72,1.26,-0.45,8.18,-6.45,-4.72
1470,0000,26010,-1.31,8.37,-5.08,0.04,1.28,-0.51,8.33,-6.40,-4.85
1471,0000,26020,-1.27,8.37,-5.04,0.74,1.54,-0.56,8.49,-6.33,-4.88
1472,0000,26030,-1.28,8.38,-5.02,1.32,1.38,-0.20,8.54,-5.74,-5.06
1473,0000,26040,-1.26,8.38,-4.99,0.52,1.46,-0.52,8.68,-6.74,-5.20
1474,0000,26050,-1.30,8.38,-5.02,0.09,1.34,-0.58,8.77,-6.20,-5.45
1475,0000,26071,-1.33,8.40,-5.05,-0.53,1.47,-0.33,8.36,-6.45,-5.03
1476,0000,26081,-1.29,8.38,-5.00,-0.27,1.43,-0.52,8.58,-5.93,-4.93
1477,0000,26104,-1.35,8.38,-5.06,0.59,1.68,-0.51,8.05,-6.49,-4.66
1478,0000,26115,-1.30,8.34,-4.99,0.17,1.22,-0.59,8.73,-6.27,-4.38
1479,0000,26125,-1.33,8.37,-5.07,0.14,1.34,-0.53,7.98,-6.33,-4.60
1480,0000,26135,-1.30,8.36,-4.99,-0.22,1.43,-0.39,8.87,-5.83,-4.94
1481,0000,26145,-1.31,8.37,-5.02,-0.15,1.28,-0.43,8.18,-6.11,-4.93
1482,0000,26155,-1.31,8.40,-5.05,-0.10,1.36,-0.56,8.67,-5.73,-5.04
1483,0000,26165,-1.32,8.38,-5.04,0.40,1.56,-0.44,8.43,-5.92,-5.07
1484,0000,26186,-1.27,8.38,-5.04,0.33,1.36,-0.57,8.42,-6.01,-4.78
1485,0000,26196,-1.29,8.37,-5.03,0.17,1.62,-0.46,8.07,-5.39,-4.63
1486,0000,26206,-1.32,8.40,-5.05,-0.06,1.41,-0.78,7.80,-6.27,-4.87
1487,0000,26216,-1.28,8.40,-5.02,-0.17,1.43,-0.56,7.97,-6.18,-4.50
1488,0000,26226,-1.30,8.35,-5.02,-0.14,1.52,-0.50,7.73,-6.69,-5.16
1489,0000,26236,-1.29,8.37,-5.06,0.22,1.45,-0.49,7.75,-6.31,-5.74
1490,0000,26257,-1.33,8.33,-5.06,0.32,1.38,-0.58,8.29,-6.69,-4.66
1491,0000,26267,-1.29,8.32,-4.97,0.38,1.56,-0.50,7.98,-5.73,-5.70
1492,0000,26277,-1.31,8.35,-5.05,0.24,1.32,-0.50,7.56,-6.37,-4.76
1493,0000,26287,-1.23,8.14,-4.96,-0.62,1.41,-0.46,8.02,-6.08,-4.72
1494,0000,26297,-1.51,8.43,-5.05,-0.77,1.59,-0.07,7.57,-5.47,-5.31
1495,0000,26308,-1.32,8.41,-5.02,0.77,1.81,-0.20,8.24,-6.33,-4.62
